generation,id,fitness,species,num_connections,num_enabled_connections,num_nodes,level_number
0,140331577669760,0.001,0,8,8,11,0
0,140331577668464,0.001,1,8,8,11,0
0,140331577669664,0.001,2,8,8,11,0
0,140331577669568,0.001,3,8,8,11,0
0,140331577670528,0.001,4,8,8,11,0
0,140331577669472,157.73956087014034,5,8,8,11,0
0,140331577668944,0.001,6,8,8,11,0
0,140331577671152,0.001,7,8,8,11,0
0,140331577669712,0.001,8,8,8,11,0
0,140331577671104,0.001,9,8,8,11,0
0,140331577671536,0.001,10,8,8,11,0
0,140331577669808,0.001,11,8,8,11,0
0,140331577671008,0.001,12,8,8,11,0
0,140331577669280,0.001,13,8,8,11,0
0,140331577668608,0.001,14,8,8,11,0
0,140331577896624,0.001,15,8,8,11,0
0,140331577895328,0.001,16,8,8,11,0
0,140331577894272,0.001,17,8,8,11,0
0,140331577893696,0.001,18,8,8,11,0
0,140331577896768,0.001,19,8,8,11,0
0,140331577895856,0.001,20,8,8,11,0
0,140331577893024,0.001,21,8,8,11,0
0,140331577895760,0.001,22,8,8,11,0
0,140331577893744,0.001,23,8,8,11,0
0,140331577893504,0.001,24,8,8,11,0
0,140331577893984,0.001,25,8,8,11,0
0,140331577895088,0.001,26,8,8,11,0
0,140331577893168,0.001,27,8,8,11,0
0,140331577894608,0.001,28,8,8,11,0
0,140331577894320,0.001,29,8,8,11,0
0,140331577894416,74.23493900300326,30,8,8,11,0
0,140331577896048,0.001,31,8,8,11,0
0,140331577895616,0.001,32,8,8,11,0
0,140331577893648,0.001,33,8,8,11,0
0,140331577894800,0.001,34,8,8,11,0
0,140331577893072,0.001,35,8,8,11,0
0,140331577896144,0.001,36,8,8,11,0
0,140331577896288,76.78195141656232,37,8,8,11,0
0,140331577894080,0.001,38,8,8,11,0
0,140331577893600,0.001,39,8,8,11,0
0,140331577892928,94.4441406250989,40,8,8,11,0
0,140331577894032,0.001,41,8,8,11,0
0,140331577896432,0.001,42,8,8,11,0
0,140331577894944,0.001,43,8,8,11,0
0,140331577894368,0.001,44,8,8,11,0
0,140331577894752,0.001,45,8,8,11,0
0,140331577893216,0.001,46,8,8,11,0
0,140331577894896,0.001,47,8,8,11,0
0,140331577895712,0.001,48,8,8,11,0
0,140331577894848,0.001,49,8,8,11,0
0,140331577896720,0.001,50,8,8,11,0
0,140331577894464,21.111078973210496,51,8,8,11,0
0,140331577895184,0.001,52,8,8,11,0
0,140331577894224,0.001,53,8,8,11,0
0,140331577894992,0.001,54,8,8,11,0
0,140331577895376,0.001,55,8,8,11,0
0,140331577894704,4.291738151193442,56,8,8,11,0
0,140331577895808,0.001,57,8,8,11,0
0,140331577895424,0.001,58,8,8,11,0
0,140331577894560,0.001,59,8,8,11,0
1,140331577669472,157.73956087014034,5,8,8,11,1
1,140331577669472,157.73956087014034,5,8,8,11,1
1,140331577324784,157.78762922047594,5,8,8,11,1
1,140331552698768,630.3744438511483,5,8,8,11,1
1,140331577351280,166.3654137275098,5,8,8,11,1
1,140331577349792,152.4700846732204,5,8,8,11,1
1,140331577663104,167.72102586863474,5,8,8,11,1
1,140331577662960,0.001,5,9,9,11,1
1,140331577351856,101.51189143491234,5,9,9,11,1
1,140331577660128,619.4890269355304,5,8,8,11,1
1,140331577422416,27.27423566628778,5,8,8,11,1
1,140331577422992,0.001,5,9,9,11,1
1,140331577425200,0.001,5,8,8,11,1
1,140331576674912,627.5041879848436,5,8,8,11,1
1,140331576622384,174.98973327138577,5,8,8,11,1
1,140331576674768,0.001,5,8,8,11,1
1,140331576619936,0.001,5,8,8,11,1
1,140331576674672,202.32743710341543,5,8,8,11,1
1,140331577759488,0.001,5,8,8,11,1
1,140331577759872,185.12279524208412,5,8,8,11,1
1,140331577425488,155.6479950919046,5,8,8,11,1
1,140331576674432,157.73956087014034,5,8,8,11,1
1,140331576676016,166.12780758054112,5,8,8,11,1
1,140331544225392,196.7908783669521,5,9,9,11,1
1,140331577894416,74.23493900300326,30,8,8,11,1
1,140331544226640,125.067152974458,30,8,8,11,1
1,140331544225728,84.62189089812594,30,8,8,11,1
1,140331544226592,74.23493900300326,30,8,8,11,1
1,140331544225296,74.23493900300326,30,8,8,11,1
1,140331544223808,74.23493900300326,30,8,8,11,1
1,140331544227216,123.46404423065468,30,8,8,11,1
1,140331544224720,115.43309631583767,30,8,8,11,1
1,140331544225920,122.78433909406982,30,8,8,11,1
1,140331544224096,0.001,30,8,8,11,1
1,140331577436912,45.02177035444211,30,8,8,11,1
1,140331577896288,76.78195141656232,37,8,8,11,1
1,140331577434416,0.001,37,8,8,11,1
1,140331577436768,62.63519880465881,37,8,8,11,1
1,140331577418368,80.54241419049339,37,8,8,11,1
1,140331577420864,76.78195141656232,37,8,8,11,1
1,140331577418272,75.50379806897098,37,8,8,11,1
1,140331577435472,74.40537638567582,37,8,8,11,1
1,140331577437392,0.001,37,8,8,11,1
1,140331577436624,0.001,37,8,8,11,1
1,140331544225344,108.58036405710467,37,8,8,11,1
1,140331577420336,71.07541681403202,37,8,8,11,1
1,140331577892928,94.4441406250989,40,8,8,11,1
1,140331577418032,92.1967397741314,40,8,8,11,1
1,140331577421536,113.34051734277767,40,8,8,11,1
1,140331577420576,93.06944664094362,40,8,8,11,1
1,140331577421488,115.09370571572043,40,8,8,11,1
1,140331577702288,97.79703721093739,40,8,8,11,1
1,140331577701472,94.28265858839765,40,8,8,11,1
1,140331577703344,94.4441406250989,40,8,8,11,1
1,140331577646288,119.39566666857024,40,8,8,11,1
1,140331577701424,103.55212257096127,40,8,8,11,1
1,140331577701376,94.4441406250989,40,8,8,11,1
1,140331571574576,108.78124769976705,40,8,8,11,1
1,140331571576352,118.9645594677437,40,8,8,11,1
1,140331576778128,123.1792715987977,40,8,8,11,1
1,140331577700704,0.001,51,8,8,11,1
1,140331577700512,0.001,51,8,8,11,1
2,140331552698768,0.001,5,8,8,11,1
2,140331552698768,0.001,5,8,8,11,1
2,140331577646960,0.001,5,8,8,11,1
2,140331577643360,0.001,5,8,8,11,1
2,140331577643312,0.001,5,8,8,11,1
2,140331577758192,0.001,5,8,8,11,1
2,140331552975312,0.001,5,8,8,11,1
2,140331577759296,0.001,5,8,8,11,1
2,140331577425008,0.001,5,8,8,11,1
2,140331577671104,0.001,5,8,8,11,1
2,140331577643840,0.001,5,8,8,11,1
2,140331577644944,0.001,5,8,8,11,1
2,140331577671584,0.001,5,8,8,11,1
2,140331613022432,0.001,5,8,8,11,1
2,140331613023920,0.001,5,8,8,11,1
2,140331613023344,0.001,5,8,8,11,1
2,140331577751008,0.001,5,8,8,11,1
2,140331613020992,0.001,5,8,8,11,1
2,140331613020656,0.001,5,8,8,11,1
2,140331613020416,0.001,5,8,8,11,1
2,140331577643648,0.001,5,8,8,11,1
2,140331613020944,0.001,5,8,8,11,1
2,140331613023152,0.001,5,8,8,11,1
2,140331613021760,0.001,5,8,8,11,1
2,140331613023968,0.001,5,8,8,11,1
2,140331577313552,0.001,5,8,8,11,1
2,140331577311872,0.001,5,8,8,11,1
2,140331544226640,0.001,30,8,8,11,1
2,140331577326464,0.001,30,8,8,11,1
2,140331635627824,0.001,30,8,8,11,1
2,140331577187440,0.001,30,8,8,11,1
2,140331613021040,0.001,30,8,8,11,1
2,140331577323776,0.001,30,8,8,11,1
2,140331577325120,0.001,30,8,8,11,1
2,140331577324352,0.001,30,8,8,11,1
2,140331577324208,0.001,30,8,8,11,1
2,140331577326560,0.001,30,8,8,11,1
2,140331577326128,0.001,30,8,8,11,1
2,140331577325312,0.001,30,9,9,11,1
2,140331544225344,0.001,37,8,8,11,1
2,140331544154704,0.001,37,8,8,11,1
2,140331544155952,0.001,37,8,8,11,1
2,140331544154752,0.001,37,8,8,11,1
2,140331577701520,0.001,37,8,8,11,1
2,140331577700992,0.001,37,8,8,11,1
2,140331577700896,0.001,37,8,8,11,1
2,140331577606496,0.001,37,8,8,11,1
2,140331544157104,0.001,37,8,8,11,1
2,140331576778128,0.001,40,8,8,11,1
2,140331577273168,0.001,40,8,8,11,1
2,140331577271392,0.001,40,8,8,11,1
2,140331577273408,0.001,40,8,8,11,1
2,140331577273072,0.001,40,9,9,11,1
2,140331577271536,0.001,40,8,8,11,1
2,140331577272544,0.001,40,8,8,11,1
2,140331544156912,0.001,40,8,8,11,1
2,140331544155520,0.001,40,8,8,11,1
2,140331577608896,0.001,40,8,8,11,1
2,140331577327184,0.001,40,8,8,11,1
2,140331577702240,0.001,40,8,8,11,1
2,140331577325648,0.001,40,8,8,11,1
2,140331576778656,0.001,40,8,8,11,1
2,140331576774912,0.001,40,8,8,11,1
3,140331552698768,0.001,5,8,8,11,1
3,140331552698768,0.001,5,8,8,11,1
3,140331576776832,0.001,5,8,8,11,1
3,140331576778608,0.001,5,8,8,11,1
3,140331577646672,0.001,5,8,8,11,1
3,140331576609760,0.001,5,8,8,11,1
3,140331576609904,0.001,5,8,8,11,1
3,140331577645136,0.001,5,8,8,11,1
3,140331577646528,0.001,5,8,8,11,1
3,140331577421728,0.001,5,8,8,11,1
3,140331577420816,51.152529013133005,5,8,8,11,1
3,140331577420192,0.001,5,8,8,11,1
3,140331577419376,0.001,5,8,8,11,1
3,140331577420864,0.001,5,8,8,11,1
3,140331577418272,0.001,5,8,8,11,1
3,140331577421776,0.001,5,8,8,11,1
3,140331577421488,0.001,5,9,9,11,1
3,140331544226640,0.001,30,8,8,11,1
3,140331577437104,0.001,30,8,8,11,1
3,140331577437152,0.001,30,8,8,11,1
3,140331577436912,0.001,30,8,8,11,1
3,140331577437920,0.001,30,8,8,11,1
3,140331577435904,0.001,30,8,8,11,1
3,140331577418992,0.001,30,8,8,11,1
3,140331577419424,0.001,30,8,8,11,1
3,140331577326176,0.001,30,8,8,11,1
3,140331635767616,0.001,30,8,8,11,1
3,140331635769296,0.001,30,8,8,11,1
3,140331571576352,0.001,30,8,8,11,1
3,140331635769200,0.001,30,8,8,11,1
3,140331613036448,0.001,30,8,8,11,1
3,140331577436672,0.001,30,8,8,11,1
3,140331577434176,0.001,30,8,8,11,1
3,140331544225344,0.001,37,8,8,11,1
3,140331577422416,0.001,37,8,8,11,1
3,140331577422320,0.001,37,9,9,11,1
3,140331577423664,0.001,37,8,8,11,1
3,140331576674816,0.001,37,8,8,11,1
3,140331613124928,0.001,37,8,8,11,1
3,140331577422272,0.001,37,8,8,11,1
3,140331577759920,0.001,37,8,8,11,1
3,140331576675920,0.001,37,9,9,11,1
3,140331577425536,0.001,37,8,8,11,1
3,140331577761360,0.001,37,8,8,11,1
3,140331577760928,0.001,37,8,8,11,1
3,140331544226496,0.001,37,8,8,11,1
3,140331544224096,0.001,37,9,9,11,1
3,140331635765456,0.001,37,8,8,11,1
3,140331576675344,0.001,37,8,8,11,1
3,140331576778128,0.001,40,8,8,11,1
3,140331544226880,0.001,40,8,8,11,1
3,140331571575872,0.001,40,8,8,11,1
3,140331577423616,0.001,40,8,8,11,1
3,140331544227312,0.001,40,8,8,11,1
3,140331576622480,0.001,40,8,8,11,1
3,140331577222912,0.001,40,8,8,11,1
3,140331544227168,0.001,40,8,8,11,1
3,140331544226016,0.001,40,8,8,11,1
3,140331576619600,0.001,40,8,8,11,1
3,140331544226592,0.001,40,8,8,11,1
3,140331544225296,0.001,40,8,8,11,1
3,140331577700560,0.001,40,8,8,11,1
3,140331577700416,0.001,40,8,8,11,1
3,140331577703632,0.001,40,8,8,11,1
3,140331577223776,0.001,40,8,8,11,1
4,140331577420816,100.0021810168862,5,8,8,11,1
4,140331577420816,100.0021810168862,5,8,8,11,1
4,140331635596832,51.152529013133005,5,8,8,11,1
4,140331635765936,46.911160097868645,5,8,8,11,1
4,140331577773792,0.001,5,9,9,11,1
4,140331577274480,0.001,5,8,8,11,1
4,140331578016288,41.58218638826324,5,8,8,11,1
4,140331577703680,0.001,5,8,8,11,1
4,140331577701808,0.001,5,8,8,11,1
4,140331577703248,0.001,5,8,8,11,1
4,140331635706176,0.001,5,8,8,11,1
4,140331577701136,0.001,5,8,8,11,1
4,140331613128784,0.001,5,8,8,11,1
4,140331577750816,97.87397543902745,5,8,8,11,1
4,140331576775536,0.001,5,8,8,11,1
4,140331613034000,0.001,5,8,8,11,1
4,140331576776928,0.001,5,8,8,11,1
4,140331577752304,101.03907812049667,5,10,9,12,1
4,140331577603504,0.001,5,8,8,11,1
4,140331577603216,0.001,5,8,8,11,1
4,140331577739104,0.001,5,8,8,11,1
4,140331577224112,0.001,5,9,9,11,1
4,140331577737568,51.152529013133005,5,8,8,11,1
4,140331635774608,0.001,5,8,8,11,1
4,140331577604416,0.001,5,8,8,11,1
4,140331577737856,0.001,5,8,8,11,1
4,140331577313168,0.001,5,8,8,11,1
4,140331576777120,0.001,5,8,8,11,1
4,140331576778656,0.001,5,8,8,11,1
4,140331576777408,0.001,5,8,8,11,1
4,140331577604224,0.001,5,8,8,11,1
4,140331576778176,0.001,5,9,9,11,1
4,140331613022240,51.152529013133005,5,8,8,11,1
4,140331613021520,0.001,5,8,8,11,1
4,140331613024064,0.001,5,8,8,11,1
4,140331613021904,51.15337147072947,5,8,8,11,1
4,140331613021952,60.35635146403982,5,8,8,11,1
4,140331613023776,0.001,5,8,8,11,1
4,140331613022480,7.583953224082805,5,8,8,11,1
4,140331577327136,0.001,5,8,8,11,1
4,140331577324064,57.16201688611454,5,8,8,11,1
4,140331577325504,59.97516997010459,5,8,8,11,1
4,140331577323584,0.001,5,8,8,11,1
4,140331577324448,0.001,5,8,8,11,1
4,140331577325408,0.001,5,8,8,11,1
4,140331577323824,0.001,5,9,9,11,1
4,140331577324688,0.001,5,8,8,11,1
4,140331577324976,0.001,5,8,8,11,1
4,140331577643840,0.001,5,8,8,11,1
4,140331577646144,0.001,5,8,8,11,1
4,140331577644656,52.43898378401218,5,8,8,11,1
4,140331577646240,50.03891714048902,5,8,8,11,1
4,140331577644704,0.001,5,8,8,11,1
4,140331577643072,0.001,5,8,8,11,1
4,140331577645808,0.001,5,8,8,11,1
4,140331577643408,112.2161171713309,5,8,8,11,1
4,140331577646048,0.001,5,8,8,11,1
4,140331577643792,48.643542796335794,5,10,9,12,1
4,140331577643168,0.001,5,8,8,11,1
4,140331577643216,0.001,5,8,8,11,1
4,140331577271920,0.001,5,8,8,11,1
5,140331577643408,108.15103461980584,5,8,8,11,1
5,140331577643408,108.15103461980584,5,8,8,11,1
5,140331577222240,0.001,5,8,8,11,1
5,140331635735184,107.58848392401467,5,8,8,11,1
5,140331577270912,51.25748516062799,5,8,8,11,1
5,140331577739680,107.20243702249891,5,8,8,11,1
5,140331577758864,51.152529013133005,5,8,8,11,1
5,140331577271488,45.78172251259991,5,8,8,11,1
5,140331577760016,105.26767281051679,5,8,8,11,1
5,140331577222576,0.001,5,10,9,11,1
5,140331577223536,82.77703378457173,5,10,9,11,1
5,140331577761696,69.97883891133449,5,10,10,11,1
5,140331544227456,48.682033164759844,5,8,8,11,1
5,140331544224816,0.001,5,9,9,11,1
5,140331544224576,105.85415777596481,5,8,8,11,1
5,140331544225488,110.80830714926893,5,8,8,11,1
5,140331544226304,0.001,5,10,9,11,1
5,140331544224192,112.2098732348872,5,8,8,11,1
5,140331544226784,109.64108514066919,5,8,7,11,1
5,140331577324784,96.5998153287592,5,8,8,11,1
5,140331577687680,4.281778885327498,5,10,9,11,1
5,140331544224240,4.44830231979185,5,10,9,11,1
5,140331571576352,70.09016515188333,5,8,7,11,1
5,140331571576784,118.19337553724372,5,8,7,11,1
5,140331576674720,4.44810382689181,5,10,9,12,1
5,140331576675680,4.281882094912305,5,10,9,11,1
5,140331571575392,104.38982424049291,5,10,9,11,1
5,140331544225440,0.001,5,9,8,11,1
5,140331571575584,92.93898964164751,5,10,9,12,1
5,140331576675440,51.152529013133005,5,8,8,11,1
5,140331635766704,51.152529013133005,5,8,8,11,1
5,140331613036304,41.95320105933433,5,8,8,11,1
5,140331577771296,106.19577309093427,5,8,8,11,1
5,140331635768960,50.69063581226246,5,8,8,11,1
5,140331635767280,0.001,5,8,7,11,1
5,140331635766272,101.29433646364535,5,8,8,11,1
5,140331635765456,112.34892939428232,5,8,8,11,1
5,140331635768672,108.64687654917518,5,8,8,11,1
5,140331577424528,4.389139616969928,5,10,9,11,1
5,140331577423040,0.001,5,10,10,11,1
5,140331577422944,0.001,5,10,9,11,1
5,140331577425536,0.001,5,8,8,11,1
5,140331552698768,0.001,5,10,10,11,1
5,140331577661184,113.74933293045558,5,8,8,11,1
5,140331577659344,78.85951536271145,5,10,9,11,1
5,140331577656512,0.001,5,8,7,11,1
5,140331577656464,4.389139616969928,5,10,9,11,1
5,140331544157440,112.3457845475518,5,8,8,11,1
5,140331635676448,0.001,5,8,8,11,1
5,140331635676640,4.281778885327498,5,10,9,11,1
5,140331577659056,54.13714475426991,5,8,8,11,1
5,140331635675728,0.001,5,10,9,12,1
5,140331577657280,0.001,5,8,8,11,1
5,140331577704256,112.2098732348872,5,8,8,11,1
5,140331576609760,81.58716557762651,5,8,8,11,1
5,140331577702288,112.2161171713309,5,8,8,11,1
5,140331576778512,79.58168554654577,5,10,9,11,1
5,140331577702192,0.001,5,8,7,11,1
5,140331577701856,52.5708782560674,5,8,7,11,1
5,140331578017248,61.30377089301098,5,8,8,11,1
5,140331577603168,51.152529013133005,5,8,8,11,1
5,140331576776736,0.001,5,10,10,11,1
6,140331571576784,115.4029160074173,5,8,7,11,2
6,140331571576784,115.4029160074173,5,8,7,11,2
6,140331635767904,636.6949813937142,5,8,7,11,2
6,140331577420720,78.38818248037029,5,8,8,11,2
6,140331577877408,112.3457845475518,5,8,8,11,2
6,140331613128064,42.85287528536156,5,8,8,11,2
6,140331577278080,112.3457845475518,5,8,8,11,2
6,140331577877120,0.001,5,8,7,11,2
6,140331577422608,109.51348206514874,5,8,8,11,2
6,140331613035248,112.34892939428232,5,8,8,11,2
6,140331577639840,78.6673311386538,5,8,8,11,2
6,140331577658048,44.30181932299837,5,8,7,11,2
6,140331577659104,124.49645260109833,5,8,8,11,2
6,140331577639120,99.56548410154161,5,8,8,11,2
6,140331577640176,112.94875112114781,5,8,8,11,2
6,140331613023632,688.2664270409966,5,8,7,11,2
6,140331613023968,107.22245463053139,5,8,8,11,2
6,140331613021472,112.47613340075509,5,8,8,11,2
6,140331613021088,112.35150636919616,5,8,8,11,2
6,140331613020800,112.82226168678392,5,8,8,11,2
6,140331577701616,0.001,5,8,7,11,2
6,140331613022240,101.79684493296222,5,8,8,11,2
6,140331577704064,124.66898619524375,5,8,8,11,2
6,140331613022480,113.77753866862176,5,8,8,11,2
6,140331613023296,43.55223802974666,5,8,7,11,2
6,140331613021616,71.5028000189941,5,8,8,11,2
6,140331577704352,94.89454869027352,5,8,7,11,2
6,140331577324448,113.13908621491183,5,8,7,11,2
6,140331577325408,120.31407622488544,5,8,8,11,2
6,140331577326704,109.6099983565166,5,8,8,11,2
6,140331577324976,39.844688510976624,5,8,7,11,2
6,140331577326032,112.3457845475518,5,8,8,11,2
6,140331577326752,105.36154685381575,5,8,7,11,2
6,140331577325600,78.76418698022013,5,8,8,11,2
6,140331577606256,0.001,5,8,7,11,2
6,140331577687632,26.458799302125215,5,8,8,11,2
6,140331577752352,120.62786870239177,5,8,8,11,2
6,140331577323680,23.930156793837725,5,8,8,11,2
6,140331577326416,110.40672400692355,5,8,8,11,2
6,140331577685616,61.958789477891116,5,8,8,11,2
6,140331577684608,42.64540666747601,5,8,8,11,2
6,140331577686048,0.001,5,8,8,11,2
6,140331576774864,113.75005461569577,5,8,8,11,2
6,140331576776928,0.001,5,8,7,11,2
6,140331576775872,112.34892939428232,5,8,8,11,2
6,140331576775776,108.97238734534133,5,8,8,11,2
6,140331576778656,100.0511896501506,5,8,8,11,2
6,140331576775392,111.94297483939926,5,8,7,11,2
6,140331577643168,112.34892538164985,5,8,8,11,2
6,140331577647056,101.93732126160594,5,8,8,11,2
6,140331577643600,43.004447553997466,5,8,8,11,2
6,140331577644656,109.59829406208144,5,8,8,11,2
6,140331577646720,606.7643089227865,5,8,8,11,2
6,140331577645280,0.001,5,8,8,11,2
6,140331577770336,112.34892939428232,5,8,8,11,2
6,140331577646144,115.99508429924111,5,8,7,11,2
6,140331577773744,0.001,5,8,7,11,2
6,140331577772160,0.001,5,8,7,11,2
6,140331577271536,43.022004145815,5,8,7,11,2
6,140331577771968,57.03636067804203,5,8,8,11,2
6,140331577274272,114.17194982224348,5,8,8,11,2
6,140331613123680,0.001,5,8,8,11,2
7,140331613023632,0.001,5,8,7,11,2
7,140331613023632,0.001,5,8,7,11,2
7,140331613032752,0.001,5,8,7,11,2
7,140331571574912,0.001,5,8,7,11,2
7,140331613036304,0.001,5,8,7,11,2
7,140331577645712,0.001,5,8,8,11,2
7,140331577753552,0.001,5,8,8,11,2
7,140331577752928,0.001,5,8,7,11,2
7,140331576609760,0.001,5,8,8,11,2
7,140331577758672,0.001,5,8,8,11,2
7,140331577760016,0.001,5,8,7,11,2
7,140331577759488,0.001,5,8,8,11,2
7,140331576675584,0.001,5,8,7,11,2
7,140331577686240,0.001,5,8,7,11,2
7,140331576674192,0.001,5,8,7,11,2
7,140331576675344,0.001,5,8,7,11,2
7,140331576675296,0.001,5,8,7,11,2
7,140331576674960,0.001,5,8,7,11,2
7,140331544227264,0.001,5,8,7,11,2
7,140331544224144,0.001,5,8,7,11,2
7,140331544226304,0.001,5,8,7,11,2
7,140331544225584,0.001,5,8,8,11,2
7,140331544225152,25.751427376195366,5,8,7,11,2
7,140331577606448,0.001,5,10,9,12,2
7,140331544226016,0.001,5,8,7,11,2
7,140331577607792,0.001,5,8,7,11,2
7,140331635767712,0.001,5,8,7,11,2
7,140331635768384,0.001,5,8,8,11,2
7,140331635768960,0.001,5,8,7,11,2
7,140331635768672,0.001,5,9,8,11,2
7,140331635768528,0.001,5,8,8,11,2
7,140331576674432,0.001,5,8,8,11,2
7,140331544225488,0.001,5,8,7,11,2
7,140331544225680,0.001,5,8,8,11,2
7,140331577423808,0.001,5,8,7,11,2
7,140331577642528,0.001,5,8,7,11,2
7,140331577640752,0.001,5,8,8,11,2
7,140331578018448,0.001,5,8,7,11,2
7,140331577641472,0.001,5,8,7,11,2
7,140331577423376,0.001,5,8,7,11,2
7,140331577895088,0.001,5,8,7,11,2
7,140331577894848,0.001,5,8,8,11,2
7,140331577896576,0.001,5,8,7,11,2
7,140331577314992,0.001,5,8,8,11,2
7,140331544154944,0.001,5,8,7,11,2
7,140331577312400,0.001,5,8,7,11,2
7,140331544156528,0.001,5,8,7,11,2
7,140331577311680,0.001,5,8,8,11,2
7,140331544204288,0.001,5,8,7,11,2
7,140331544157584,0.001,5,8,8,11,2
7,140331544206064,0.001,5,8,8,11,2
7,140331544205680,0.001,5,8,8,11,2
7,140331577418992,0.001,5,8,8,11,2
7,140331577418272,0.001,5,10,9,12,2
7,140331544224480,0.001,5,8,7,11,2
7,140331544224576,0.001,5,8,7,11,2
7,140331577700560,0.001,5,8,7,11,2
7,140331577701952,0.001,5,8,8,11,2
7,140331577702048,0.001,5,8,7,11,2
7,140331577701376,0.001,5,8,8,11,2
7,140331577700464,0.001,5,8,8,11,2
7,140331577270912,0.001,5,8,7,11,2
8,140331544225152,25.751427376195366,5,8,7,11,3
8,140331544225152,25.751427376195366,5,8,7,11,3
8,140331635628112,0.001,5,8,7,11,3
8,140331576983760,0.001,5,8,7,11,3
8,140331571575248,91.85308711953661,5,8,7,11,3
8,140331577639744,0.001,5,8,7,11,3
8,140331552976032,0.48626576345478156,5,8,7,11,3
8,140331577670528,0.001,5,8,7,11,3
8,140331635767904,533.6873046930916,5,8,7,11,3
8,140331544226688,25.751427376195366,5,8,7,11,3
8,140331613129936,0.001,5,8,7,11,3
8,140331577669664,0.001,5,8,7,11,3
8,140331577435664,0.001,5,8,7,11,3
8,140331577739104,0.001,5,8,7,11,3
8,140331577741216,5.8099729810980705,5,8,7,11,3
8,140331635765936,0.001,5,8,7,11,3
8,140331577421248,0.001,5,8,7,11,3
8,140331577421056,0.001,5,8,7,11,3
8,140331577685424,24.318006990799418,5,8,7,11,3
8,140331577684992,0.001,5,8,7,11,3
8,140331577686480,0.001,5,8,7,11,3
8,140331577418800,0.001,5,8,7,11,3
8,140331577421440,13.05084002205534,5,8,7,11,3
8,140331578019696,0.001,5,8,7,11,3
8,140331577687104,0.001,5,8,7,11,3
8,140331577738864,0.001,5,8,7,11,3
8,140331544156720,0.001,5,8,7,11,3
8,140331577608896,0.001,5,8,7,11,3
8,140331577606592,0.001,5,8,7,11,3
8,140331577606688,0.001,5,8,7,11,3
8,140331544155232,0.001,5,8,7,11,3
8,140331577489488,0.001,5,9,8,11,3
8,140331577490880,0.001,5,8,7,11,3
8,140331577610048,0.001,5,8,7,11,3
8,140331577606304,0.001,5,8,7,11,3
8,140331577704064,145.54244608735803,5,8,7,11,3
8,140331577702000,0.001,5,8,7,11,3
8,140331577703728,0.001,5,8,7,11,3
8,140331577703296,0.001,5,8,7,11,3
8,140331577704400,0.001,5,8,7,11,3
8,140331577645184,0.001,5,8,7,11,3
8,140331577645136,0.001,5,8,7,11,3
8,140331577645472,37.2834805502477,5,8,7,11,3
8,140331577646480,0.001,5,8,7,11,3
8,140331577646864,0.001,5,8,7,11,3
8,140331613122864,0.001,5,8,7,11,3
8,140331613126032,3.4552393299523914,5,8,7,11,3
8,140331613123680,0.001,5,8,7,11,3
8,140331613126608,25.751427376195366,5,8,7,11,3
8,140331577271344,0.001,5,8,7,11,3
8,140331613124400,23.530240086420093,5,9,8,11,3
8,140331613033904,0.001,5,8,7,11,3
8,140331577273408,0.001,5,8,7,11,3
8,140331577272496,49.5668128992676,5,8,7,11,3
8,140331577271440,0.001,5,8,7,11,3
8,140331577273264,0.001,5,8,7,11,3
8,140331635717648,0.001,5,8,7,11,3
8,140331635718512,0.001,5,8,7,11,3
8,140331635716880,0.001,5,8,7,11,3
8,140331635717312,0.001,5,8,7,11,3
8,140331635719184,0.001,5,8,7,11,3
8,140331635718608,0.001,5,8,7,11,3
9,140331635767904,0.001,5,8,7,11,4
9,140331635767904,0.001,5,8,7,11,4
9,140331552638528,24.610949158523667,5,8,7,11,4
9,140331577912096,85.69025237908988,5,8,7,11,4
9,140331571575152,117.00185637990549,5,8,7,11,4
9,140331613036448,0.001,5,8,7,11,4
9,140331577757856,0.001,5,8,7,11,4
9,140331577687200,0.001,5,10,8,12,4
9,140331613023200,0.001,5,8,7,11,4
9,140331613020464,33.723166045718784,5,8,7,11,4
9,140331613023632,0.001,5,8,7,11,4
9,140331571575584,0.001,5,8,7,11,4
9,140331613020704,0.001,5,8,7,11,4
9,140331613024064,0.001,5,8,7,11,4
9,140331576675248,0.001,5,8,7,11,4
9,140331613020656,0.001,5,8,7,11,4
9,140331576676160,0.001,5,8,7,11,4
9,140331576675440,80.42884256673227,5,8,7,11,4
9,140331576675776,182.5539759532533,5,8,7,11,4
9,140331576676208,7.2226406814088335,5,8,7,11,4
9,140331576674768,0.001,5,8,7,11,4
9,140331577640416,54.60201210123,5,8,7,11,4
9,140331635766896,73.97379701661495,5,8,7,11,4
9,140331635766032,0.001,5,8,7,11,4
9,140331635766704,527.4666816272952,5,8,7,11,4
9,140331576674288,11.390511637014257,5,9,8,11,4
9,140331576675104,1.2058160398290028,5,8,7,11,4
9,140331635767328,130.08097299306507,5,8,7,11,4
9,140331576674384,52.22010753678302,5,8,7,11,4
9,140331577422752,0.001,5,8,7,11,4
9,140331577425248,86.21204724049235,5,8,7,11,4
9,140331577894704,0.001,5,8,7,11,4
9,140331577896000,12.053663716180083,5,8,7,11,4
9,140331577422224,0.001,5,8,7,11,4
9,140331578017488,0.001,5,8,7,11,4
9,140331577422992,85.68934835862231,5,8,7,11,4
9,140331578018448,0.001,5,8,7,11,4
9,140331577314656,60.5037150929239,5,8,7,11,4
9,140331577312208,0.001,5,8,7,11,4
9,140331577423760,11.142397766185695,5,8,7,11,4
9,140331577422416,0.001,5,8,7,11,4
9,140331544206064,116.8074653284159,5,8,7,11,4
9,140331544205680,31.270123846259793,5,8,7,11,4
9,140331544206736,0.001,5,8,7,11,4
9,140331544207264,82.09932991040307,5,8,7,11,4
9,140331577609856,0.001,5,8,7,11,4
9,140331577609616,78.26975730675954,5,8,7,11,4
9,140331544205920,0.001,5,8,7,11,4
9,140331544205824,0.001,5,8,7,11,4
9,140331544206640,0.001,5,8,7,11,4
9,140331544224096,0.001,5,8,7,11,4
9,140331544225488,0.001,5,8,7,11,4
9,140331544226496,96.74659862181176,5,8,7,11,4
9,140331544225440,0.001,5,8,7,11,4
9,140331544225728,0.001,5,8,7,11,4
9,140331544225824,612.6565578304059,5,8,7,11,4
9,140331544225296,0.001,5,8,7,11,4
9,140331577321072,0.001,5,8,7,11,4
9,140331577323280,0.001,5,8,7,11,4
9,140331544224480,0.001,5,8,7,11,4
9,140331577320544,0.001,5,8,7,11,4
9,140331577417792,165.4802271936727,5,8,7,11,4
10,140331544225824,84.37822519173281,5,8,7,11,4
10,140331544225824,84.37822519173281,5,8,7,11,4
10,140331635740240,59.595258468907645,5,8,7,11,4
10,140331635596832,75.63391167266326,5,8,7,11,4
10,140331552975312,0.001,5,8,7,11,4
10,140331577275008,0.001,5,10,8,12,4
10,140331635768912,0.001,5,8,7,11,4
10,140331635765936,0.001,5,8,7,11,4
10,140331577759488,113.22874201712784,5,8,7,11,4
10,140331635767808,85.1014228092221,5,8,7,11,4
10,140331544226880,0.001,5,8,7,11,4
10,140331577750816,0.001,5,8,7,11,4
10,140331577751200,86.62379366647241,5,8,7,11,4
10,140331577738000,84.53405380739116,5,8,7,11,4
10,140331577420192,113.3520697580309,5,8,7,11,4
10,140331613129024,0.001,5,8,7,11,4
10,140331577418608,0.001,5,8,7,11,4
10,140331577419760,80.52484702094449,5,8,7,11,4
10,140331544156864,103.86066888225355,5,8,7,11,4
10,140331544156240,80.19802502785154,5,8,7,11,4
10,140331577686576,76.86307186692179,5,8,7,11,4
10,140331577420576,20.560053879183556,5,8,7,11,4
10,140331577687104,100.43941499757963,5,8,7,11,4
10,140331577686048,41.099318949096244,5,8,7,11,4
10,140331635762416,0.001,5,8,7,11,4
10,140331577606736,108.35285480461414,5,8,7,11,4
10,140331577608560,27.440272753282358,5,9,8,11,4
10,140331577606400,0.001,5,8,7,11,4
10,140331577684992,54.895179916321126,5,8,7,11,4
10,140331577419040,75.8802963056807,5,8,7,11,4
10,140331577772400,78.24248712584671,5,8,7,11,4
10,140331577607264,132.3397980733003,5,8,7,11,4
10,140331577610192,0.001,5,8,7,11,4
10,140331577773216,0.001,5,8,7,11,4
10,140331577701616,0.001,5,8,7,11,4
10,140331577348928,0.001,5,8,7,11,4
10,140331577419088,53.27346146998508,5,8,7,11,4
10,140331576622768,18.982973804574755,5,8,7,11,4
10,140331577703584,0.001,5,8,7,11,4
10,140331577312592,0.001,5,8,7,11,4
10,140331577489104,83.23059107115776,5,8,7,11,4
10,140331577488960,68.99260834464386,5,8,7,11,4
10,140331577488048,0.001,5,8,7,11,4
10,140331577490448,0.001,5,8,7,11,4
10,140331577489488,12.903055340092934,5,8,7,11,4
10,140331577490064,0.001,5,8,7,11,4
10,140331577777264,70.19559204317633,5,9,8,11,4
10,140331577645184,104.74160221085017,5,8,7,11,4
10,140331577646384,0.001,5,8,7,11,4
10,140331577645088,115.2678146551012,5,8,7,11,4
10,140331577645472,108.11739867466153,5,8,7,11,4
10,140331577644944,196.62821720155597,5,8,7,11,4
10,140331577645136,107.0105703381123,5,8,7,11,4
10,140331577646480,86.7323627633034,5,8,7,11,4
10,140331577910992,0.001,5,8,7,11,4
10,140331577646864,97.74298646510971,5,8,7,11,4
10,140331577435952,45.03753442580802,5,8,7,11,4
10,140331577912864,0.001,5,8,7,11,4
10,140331577436816,28.98950533060308,5,8,7,11,4
10,140331577434176,82.21746819786804,5,8,7,11,4
10,140331613124112,84.39672206595287,5,8,7,11,4
10,140331613123392,0.001,5,8,7,11,4
11,140331577644944,179.59411090961316,5,8,7,11,5
11,140331577644944,179.59411090961316,5,8,7,11,5
11,140331577877120,57.12619696513289,5,8,7,11,5
11,140331576609904,132.3397980733003,5,8,7,11,5
11,140331577646288,115.2678146551012,5,8,7,11,5
11,140331577686912,0.001,5,8,7,11,5
11,140331577685520,87.24297026303378,5,8,7,11,5
11,140331577685184,0.001,5,8,7,11,5
11,140331577761360,115.2678146551012,5,8,7,11,5
11,140331613032704,155.48661627107361,5,8,7,11,5
11,140331613036064,159.9416355512496,5,8,7,11,5
11,140331577641616,134.1018258969083,5,8,7,11,5
11,140331577271008,118.0303823425599,5,8,7,11,5
11,140331577271872,144.53851080306563,5,8,7,11,5
11,140331577640416,0.001,5,8,7,11,5
11,140331577640656,0.001,5,8,7,11,5
11,140331577487952,45.016050214963684,5,8,7,11,5
11,140331576675344,0.001,5,8,7,11,5
11,140331576674288,119.39843972773042,5,8,7,11,5
11,140331576674240,86.31609121666287,5,8,7,11,5
11,140331576674864,36.67686796717675,5,8,7,11,5
11,140331576674480,159.07716799239506,5,8,7,11,5
11,140331635767472,0.001,5,8,7,11,5
11,140331635768576,61.6197470420025,5,9,8,11,5
11,140331577704304,113.3520697580309,5,8,7,11,5
11,140331635767952,52.15802150858539,5,8,7,11,5
11,140331577488864,68.65351050674542,5,8,7,11,5
11,140331577703536,0.001,5,8,7,11,5
11,140331577703200,108.66914875038611,5,8,7,11,5
11,140331576623056,0.001,5,8,7,11,5
11,140331577437344,115.2678146551012,5,8,7,11,5
11,140331576619552,24.34271717006054,5,8,7,11,5
11,140331577437680,72.58576737325015,5,8,7,11,5
11,140331578018832,75.34606248933105,5,8,7,11,5
11,140331578019168,60.96756884805245,5,8,7,11,5
11,140331578018016,67.7635207269638,5,8,7,11,5
11,140331578019264,0.001,5,8,7,11,5
11,140331613127872,80.31399926499722,5,8,7,11,5
11,140331577422272,196.62821720155597,5,8,7,11,5
11,140331577422656,0.001,5,8,7,11,5
11,140331577313552,47.09250351682962,5,8,7,11,5
11,140331577422848,89.4572265874304,5,8,7,11,5
11,140331544157536,94.12096029657013,5,8,7,11,5
11,140331577222096,0.001,5,8,7,11,5
11,140331577313072,0.001,5,8,7,11,5
11,140331577224448,52.2750037607058,5,9,8,11,5
11,140331544157488,122.30673539222613,5,8,7,11,5
11,140331544157200,457.6033648158082,5,8,7,11,5
11,140331577606928,0.001,5,8,7,11,5
11,140331544154320,0.001,5,8,7,11,5
11,140331544207264,0.001,5,8,7,11,5
11,140331544205872,87.98040799539802,5,8,7,11,5
11,140331544204432,0.001,5,8,7,11,5
11,140331577772688,30.923386369103497,5,8,7,11,5
11,140331577770816,0.001,5,8,7,11,5
11,140331544207216,0.001,5,8,7,11,5
11,140331613123632,673.3587758084707,5,8,7,11,5
11,140331544204240,0.001,5,8,7,11,5
11,140331544081312,0.001,5,8,7,11,5
11,140331577773936,0.001,5,8,7,11,5
11,140331544081696,164.84026050564137,5,8,7,11,5
11,140331613125600,128.43103136640275,5,8,7,11,5
12,140331613123632,607.6135726080294,5,8,7,11,6
12,140331613123632,607.6135726080294,5,8,7,11,6
12,140331635765936,63.65319029720783,5,8,7,11,6
12,140331577222912,28.66771936180605,5,8,7,11,6
12,140331578017920,0.001,5,8,7,11,6
12,140331544226112,75.77108161621419,5,8,7,11,6
12,140331577299344,705.2407640169495,5,8,7,11,6
12,140331552975168,70.69434370010208,5,8,7,11,6
12,140331577758192,92.81899352551719,5,8,7,11,6
12,140331577278080,85.50365946656589,5,8,7,11,6
12,140331577758000,60.14457543109475,5,8,7,11,6
12,140331577741264,81.80314774598062,5,8,7,11,6
12,140331577687104,0.001,5,8,7,11,6
12,140331577686576,0.001,5,8,7,11,6
12,140331613129360,169.15222160756468,5,8,7,11,6
12,140331613130656,137.7577355635093,5,8,7,11,6
12,140331613129888,473.8669395058029,5,8,7,11,6
12,140331577687440,29.863636792614358,5,8,7,11,6
12,140331577606256,0.001,5,8,7,11,6
12,140331577610096,304.7044206909592,5,8,7,11,6
12,140331577608560,0.001,5,8,7,11,6
12,140331544081408,0.001,5,8,7,11,6
12,140331577608176,55.06936411476505,5,8,7,11,6
12,140331544084432,109.53102092688152,5,8,7,11,6
12,140331577773168,607.6672784707073,5,8,7,11,6
12,140331577773312,0.001,5,8,7,11,6
12,140331577772880,332.5286570825251,5,8,7,11,6
12,140331544084192,7.154456524778624,5,8,7,11,6
12,140331576622144,623.713719047823,5,8,7,11,6
12,140331544084144,0.001,5,8,7,11,6
12,140331578017680,0.001,5,8,7,11,6
12,140331577421680,0.001,5,9,8,11,6
12,140331578019696,572.6955141737303,5,8,7,11,6
12,140331577418512,0.001,5,9,8,11,6
12,140331577418800,703.2191630473118,5,8,7,11,6
12,140331577419088,99.83734688018731,5,8,7,11,6
12,140331544154656,0.001,5,8,7,11,6
12,140331544154896,107.72699888140596,5,8,7,11,6
12,140331544155088,75.77108161621419,5,8,7,11,6
12,140331544154416,608.1491531137981,5,8,7,11,6
12,140331577774768,0.001,5,8,7,11,6
12,140331544157680,97.18319102177736,5,8,7,11,6
12,140331544154368,114.54128735860078,5,8,7,11,6
12,140331577777936,0.001,5,8,7,11,6
12,140331635718128,54.31033906600027,5,8,7,11,6
12,140331544155760,28.12454579234401,5,8,7,11,6
12,140331635717504,0.001,5,8,7,11,6
12,140331635716208,45.79310839737653,5,8,7,11,6
12,140331635717888,248.90855066275486,5,8,7,11,6
12,140331577489872,0.001,5,8,7,11,6
12,140331577490928,63.059688419218276,5,8,7,11,6
12,140331577490784,551.138726786368,5,8,7,11,6
12,140331577490160,607.6666946564171,5,8,7,11,6
12,140331577490880,0.001,5,8,7,11,6
12,140331577487856,0.001,5,8,7,11,6
12,140331577701712,0.001,5,8,7,11,6
12,140331577703680,92.81899352551719,5,8,7,11,6
12,140331577703584,0.001,5,8,7,11,6
12,140331577702528,53.65925975847412,5,9,8,11,6
12,140331577703008,643.473756690456,5,8,7,11,6
12,140331577435952,571.6403956019994,5,8,7,11,6
12,140331577703056,0.001,5,8,7,11,6
13,140331577299344,0.001,5,8,7,11,7
13,140331577299344,0.001,5,8,7,11,7
13,140331576609904,0.001,5,8,7,11,7
13,140331576610288,0.001,5,8,7,11,7
13,140331577739680,79.79565547882757,5,8,7,11,7
13,140331635707760,0.001,5,8,7,11,7
13,140331552973392,0.001,5,8,7,11,7
13,140331571575776,0.001,5,8,7,11,7
13,140331577685184,95.05585686811477,5,8,7,11,7
13,140331577761216,0.001,5,8,7,11,7
13,140331552976320,0.001,5,8,7,11,7
13,140331577760592,0.001,5,8,7,11,7
13,140331577760064,0.001,5,8,7,11,7
13,140331576676016,0.001,5,9,8,11,7
13,140331576675104,0.001,5,8,7,11,7
13,140331552976800,0.001,5,8,7,11,7
13,140331576675680,0.001,5,8,7,11,7
13,140331576674720,0.001,5,8,7,11,7
13,140331635769104,0.001,5,8,7,11,7
13,140331635768864,8.93155538135484,5,8,7,11,7
13,140331577489344,0.001,5,9,8,11,7
13,140331576622576,0.001,5,8,7,11,7
13,140331635766560,0.001,5,8,7,11,7
13,140331635766032,0.001,5,8,7,11,7
13,140331577489056,29.665217566312663,5,8,7,11,7
13,140331576619936,34.59115594652741,5,8,7,11,7
13,140331577436144,0.001,5,8,7,11,7
13,140331577437296,0.001,5,8,7,11,7
13,140331635768288,0.001,5,8,7,11,7
13,140331544224480,718.1691734436182,5,8,7,11,7
13,140331577438064,0.001,5,8,7,11,7
13,140331613035248,114.25603248194005,5,8,7,11,7
13,140331544227792,0.001,5,8,7,11,7
13,140331544226400,0.3476915555072537,5,9,8,11,7
13,140331577313072,0.001,5,8,7,11,7
13,140331578017488,29.23762762427603,5,8,7,11,7
13,140331577312880,0.001,5,8,7,11,7
13,140331577222096,0.001,5,8,7,11,7
13,140331577312976,149.9043523749843,5,8,7,11,7
13,140331613129216,7.9755485383640945,5,8,7,11,7
13,140331613129120,0.001,5,8,7,11,7
13,140331577313168,0.001,5,8,7,11,7
13,140331577314560,15.760765980845179,5,8,7,11,7
13,140331577424576,0.001,5,8,7,11,7
13,140331577424384,0.001,5,8,7,11,7
13,140331544177920,0.001,5,8,7,11,7
13,140331552638432,0.001,5,8,7,11,7
13,140331544178016,0.001,5,8,7,11,7
13,140331552638528,0.001,5,8,7,11,7
13,140331577701856,0.001,5,8,7,11,7
13,140331577700752,0.001,5,8,7,11,7
13,140331544177104,94.30692796438171,5,8,7,11,7
13,140331544205152,0.001,5,8,7,11,7
13,140331544204240,0.001,5,8,7,11,7
13,140331577606448,153.53017014803555,5,8,7,11,7
13,140331544205488,0.001,5,8,7,11,7
13,140331577702192,52.73984097971581,5,8,7,11,7
13,140331544206688,0.001,5,8,7,11,7
13,140331544157056,0.001,5,8,7,11,7
13,140331577607552,0.001,5,8,7,11,7
13,140331577609136,0.001,5,9,8,11,7
13,140331577770624,0.001,5,8,7,11,7
14,140331544224480,85.75397438512601,5,8,7,11,8
14,140331544224480,85.75397438512601,5,8,7,11,8
14,140331635762032,652.3849691527654,5,8,7,11,8
14,140331577639072,598.9621097315307,5,8,7,11,8
14,140331577639744,572.7751055936374,5,8,7,11,8
14,140331635768912,436.1745482876654,5,8,7,11,8
14,140331577740256,114.71960451362784,5,8,7,11,8
14,140331577187440,37.11746926979441,5,8,7,11,8
14,140331577639840,601.0505270619519,5,8,7,11,8
14,140331577639120,66.26212449090144,5,8,7,11,8
14,140331577687968,0.001,5,8,7,11,8
14,140331577687440,74.83892623670687,5,9,8,11,8
14,140331577741264,119.22063954877592,5,8,7,11,8
14,140331576619600,655.1122834582579,5,9,8,11,8
14,140331577758000,97.351146113131,5,8,7,11,8
14,140331577684560,541.6155446434801,5,8,7,11,8
14,140331577223872,608.630296036058,5,8,7,11,8
14,140331578019600,689.7823150780406,5,8,7,11,8
14,140331613127104,51.21133832012035,5,8,7,11,8
14,140331544080496,50.03618780009518,5,9,8,11,8
14,140331577912864,38.270242889846315,5,8,7,11,8
14,140331576619984,94.35433277091303,5,9,8,11,8
14,140331544080640,692.5261500351809,5,8,7,11,8
14,140331577684608,47.87054979486021,5,8,7,11,8
14,140331577909408,120.00230444174974,5,9,8,11,8
14,140331544081024,72.77582549299134,5,8,7,11,8
14,140331577663104,85.7380565097657,5,8,7,11,8
14,140331577662864,0.001,5,8,7,11,8
14,140331577663008,76.97309906586153,5,8,7,11,8
14,140331577659936,0.001,5,8,7,11,8
14,140331577770144,584.4500737117546,5,8,7,11,8
14,140331577421680,82.08772103555731,5,8,7,11,8
14,140331577418848,93.9246701607087,5,8,7,11,8
14,140331577776688,135.52417539492393,5,8,7,11,8
14,140331577774816,608.3804964827375,5,8,7,11,8
14,140331577419760,650.1436883272589,5,8,7,11,8
14,140331577419328,0.001,5,8,7,11,8
14,140331577421440,99.57665277556612,5,8,7,11,8
14,140331577418560,94.08324098554152,5,8,7,11,8
14,140331544154560,648.7739456010205,5,8,7,11,8
14,140331544155280,679.1481003117867,5,8,7,11,8
14,140331544156864,614.3299040856184,5,8,7,11,8
14,140331544154992,676.4017317231057,5,8,7,11,8
14,140331544157392,460.8862705054193,5,8,7,11,8
14,140331544158064,516.7794451874884,5,8,7,11,8
14,140331577489776,0.001,5,8,7,11,8
14,140331577488576,0.001,5,8,7,11,8
14,140331577489632,0.001,5,8,7,11,8
14,140331544156240,680.7802999747623,5,8,7,11,8
14,140331577490064,0.001,5,8,7,11,8
14,140331577490160,0.001,5,8,7,11,8
14,140331544227456,0.001,5,8,7,11,8
14,140331544225056,647.5361022663956,5,8,7,11,8
14,140331577274224,40.996950557293815,5,8,7,11,8
14,140331544227024,105.7151477293855,5,8,7,11,8
14,140331577271968,67.65412708723721,5,8,7,11,8
14,140331577271152,571.7872273715342,5,8,7,11,8
14,140331577273552,562.0328545735832,5,8,7,11,8
14,140331577703584,0.001,5,8,7,11,8
14,140331577703296,98.46090622540311,5,8,7,11,8
14,140331577703056,584.6657456172941,5,8,7,11,8
14,140331577701424,79.93753601092627,5,8,7,11,8
15,140331544080640,97.74230232747897,5,8,7,11,9
15,140331544080640,97.74230232747897,5,8,7,11,9
15,140331553591408,111.59901127656508,5,8,7,11,9
15,140331577277216,0.001,5,8,7,11,9
15,140331552974976,0.001,5,8,7,11,9
15,140331576675008,501.7292865282093,5,8,7,11,9
15,140331552975888,111.62275832840822,5,8,7,11,9
15,140331544082704,0.001,5,8,7,11,9
15,140331576675056,37.37005122459067,5,8,7,11,9
15,140331576674192,0.001,5,8,7,11,9
15,140331576674480,538.927282302678,5,8,7,11,9
15,140331576675248,0.001,5,8,7,11,9
15,140331576676112,77.822558423629,5,8,7,11,9
15,140331544205152,109.66814303280952,5,8,7,11,9
15,140331544206640,89.93087828399874,5,8,7,11,9
15,140331544207072,651.6422647933741,5,9,8,11,9
15,140331544204720,101.46045678855376,5,8,7,11,9
15,140331544204240,0.001,5,8,7,11,9
15,140331544205824,124.04897136427587,5,8,7,11,9
15,140331577300640,103.27141360778279,5,8,7,11,9
15,140331577301648,65.1458727869385,5,8,7,11,9
15,140331577301072,571.873261721438,5,8,7,11,9
15,140331577299632,97.76278757915765,5,8,7,11,9
15,140331577301984,97.8197291183626,5,8,7,11,9
15,140331577299104,76.98746429672005,5,8,7,11,9
15,140331577223728,98.13413891504507,5,9,8,11,9
15,140331577224640,89.30602262696243,5,8,7,11,9
15,140331577221904,97.8197291183626,5,8,7,11,9
15,140331577223440,0.001,5,8,7,11,9
15,140331577222720,58.3083548792155,5,8,7,11,9
15,140331577222624,0.001,5,8,7,11,9
15,140331577222240,0.001,5,8,7,11,9
15,140331577913008,64.52064366772146,5,8,7,11,9
15,140331577913200,81.1232783935246,5,8,7,11,9
15,140331577910800,71.33766451992221,5,8,7,11,9
15,140331577910368,107.63399016408695,5,8,7,11,9
15,140331577909792,61.36679146927057,5,8,7,11,9
15,140331577911904,114.18275290957624,5,8,7,11,9
15,140331577911616,579.8832565530395,5,8,7,11,9
15,140331577912096,0.001,5,8,7,11,9
15,140331577425296,380.5204578214222,5,9,8,11,9
15,140331577423856,0.001,5,8,7,11,9
15,140331577423184,108.68537692960965,5,8,7,11,9
15,140331577425824,109.41171323976354,5,8,7,11,9
15,140331577423136,107.7625011589227,5,8,7,11,9
15,140331577422416,97.8197291183626,5,8,7,11,9
15,140331577422656,0.001,5,8,7,11,9
15,140331577421888,0.001,5,8,7,11,9
15,140331577424192,107.7625011589227,5,8,7,11,9
15,140331577425440,690.304724824549,5,8,7,11,9
15,140331635595440,75.6268483051235,5,8,7,11,9
15,140331635595872,107.7625011589227,5,8,7,11,9
15,140331635595344,69.32496584581665,5,8,7,11,9
15,140331635597216,0.001,5,8,7,11,9
15,140331635595152,0.001,5,8,7,11,9
15,140331635596352,100.5322865363793,5,8,7,11,9
15,140331635594480,0.001,5,8,7,11,9
15,140331635596736,234.3374569370871,5,8,7,11,9
15,140331635596976,87.99781370587834,5,8,7,11,9
15,140331577737280,0.001,5,8,7,11,9
15,140331577740400,0.001,5,8,7,11,9
15,140331577738576,83.19711443576716,5,8,7,11,9
16,140331577425440,0.001,5,8,7,11,10
16,140331577425440,0.001,5,8,7,11,10
16,140331577224496,372.31453746939115,5,8,7,11,10
16,140331577222576,223.72320351888408,5,9,8,11,10
16,140331635762032,0.001,5,9,8,11,10
16,140331613129888,0.001,5,8,7,11,10
16,140331552975696,50.31979930560536,5,9,8,11,10
16,140331577222768,148.4351352299901,5,9,8,11,10
16,140331577910272,0.001,5,9,8,11,10
16,140331577911712,519.6125186466008,5,8,7,11,10
16,140331577490160,645.2510414108133,5,8,7,11,10
16,140331577491312,580.544218085548,5,9,8,11,10
16,140331577488048,0.001,5,9,8,11,10
16,140331577489824,0.001,5,9,8,11,10
16,140331544080448,314.05307422593637,5,8,7,11,10
16,140331544081648,0.001,5,8,7,11,10
16,140331544082608,337.6944462645839,5,8,7,11,10
16,140331577488960,0.001,5,8,7,11,10
16,140331635626480,0.001,5,9,8,11,10
16,140331577490976,0.001,5,9,8,11,10
16,140331577773216,0.001,5,8,7,11,10
16,140331577490592,0.001,5,8,7,11,10
16,140331577489488,0.001,5,8,7,11,10
16,140331544206544,0.001,5,8,7,11,10
16,140331577773456,0.001,5,8,7,11,10
16,140331577771248,0.001,5,8,7,11,10
16,140331577640320,0.001,5,8,7,11,10
16,140331577642576,0.001,5,8,7,11,10
16,140331577639840,0.001,5,8,7,11,10
16,140331577639312,236.11353717421406,5,8,7,11,10
16,140331577642288,0.001,5,8,7,11,10
16,140331577776256,0.001,5,8,7,11,10
16,140331577300784,0.001,5,8,7,11,10
16,140331577299008,0.001,5,8,7,11,10
16,140331577300160,0.001,5,8,7,11,10
16,140331577302560,0.001,5,8,7,11,10
16,140331577299728,0.001,5,8,7,11,10
16,140331577878416,207.23923211831834,5,9,8,11,10
16,140331577879904,293.95574091585536,5,9,8,11,10
16,140331577879856,0.001,5,9,8,11,10
16,140331577876592,283.6125080212697,5,8,7,11,10
16,140331577877744,255.13079775714203,5,8,7,11,10
16,140331577876928,77.05467402465436,5,8,7,11,10
16,140331577880000,344.6905179783039,5,8,7,11,10
16,140331577880288,0.001,5,9,8,11,10
16,140331577879568,148.09035019504188,5,10,9,11,10
16,140331613124352,110.36364070235336,5,9,8,11,10
16,140331577878896,449.8411610777167,5,8,7,11,10
16,140331613123968,13.105023776088544,5,9,8,11,10
16,140331613123248,0.001,5,8,7,11,10
16,140331613123872,580.544218085548,5,9,8,11,10
16,140331613125168,0.001,5,8,7,11,10
16,140331577687248,194.99026015965183,5,8,7,11,10
16,140331577686624,580.544218085548,5,9,8,11,10
16,140331577685232,0.001,5,8,7,11,10
16,140331577686192,630.5406702902199,5,8,7,11,10
16,140331577684320,208.1023638563666,5,10,9,11,10
16,140331577685616,0.001,5,8,7,11,10
16,140331577686576,215.60223391811695,5,8,7,11,10
16,140331577687104,153.6111913627396,5,8,7,11,10
16,140331576983904,0.001,5,10,8,12,10
16,140331576984240,599.3263074774939,5,8,7,11,10
17,140331577490160,528.4732884648442,5,8,7,11,11
17,140331577490160,528.4732884648442,5,8,7,11,11
17,140331552638576,0.001,5,8,7,11,11
17,140331577277696,527.7560557580998,5,8,7,11,11
17,140331544082224,0.001,5,8,7,11,11
17,140331552637184,655.2058613150247,5,8,7,11,11
17,140331544080640,593.0060970933852,5,8,7,11,11
17,140331576675200,0.001,5,8,7,11,11
17,140331577277984,0.001,5,8,7,11,11
17,140331576675920,97.87572115812259,5,8,7,11,11
17,140331576674336,0.001,5,8,7,11,11
17,140331552975312,0.001,5,8,7,11,11
17,140331576675680,529.3351424545342,5,8,7,11,11
17,140331544205920,564.6423361157172,5,8,7,11,11
17,140331544205680,0.001,5,8,7,11,11
17,140331577302800,624.207498605144,5,8,7,11,11
17,140331577300256,0.001,5,9,8,11,11
17,140331577301456,0.001,5,8,7,11,11
17,140331577299584,0.001,5,9,8,11,11
17,140331577302752,0.001,5,8,7,11,11
17,140331577302176,566.2024934551417,5,8,7,11,11
17,140331577646432,0.001,5,8,7,11,11
17,140331577302368,113.19775228914008,5,9,8,11,11
17,140331577299920,573.4183652945788,5,8,7,11,11
17,140331577299872,0.001,5,8,7,11,11
17,140331577223008,507.5365708469587,5,8,7,11,11
17,140331577223440,0.001,5,8,7,11,11
17,140331577222192,0.001,5,8,7,11,11
17,140331613127536,0.001,5,8,7,11,11
17,140331577224832,0.001,5,9,8,11,11
17,140331613130320,207.46358122735734,5,8,7,11,11
17,140331613128352,0.001,5,8,7,11,11
17,140331577223344,0.001,5,8,7,11,11
17,140331577223728,0.001,5,8,7,11,11
17,140331577909888,526.1454080214241,5,8,7,11,11
17,140331577912048,0.001,5,8,7,11,11
17,140331577911376,468.09654557554336,5,9,8,11,11
17,140331577910416,0.001,5,8,7,11,11
17,140331577909744,54.769774652488366,5,8,7,11,11
17,140331577911760,0.001,5,8,7,11,11
17,140331577910560,0.001,5,8,7,11,11
17,140331577912576,37.11459192878863,5,9,8,11,11
17,140331577910704,0.001,5,8,7,11,11
17,140331577912096,37.051965832222976,5,8,7,11,11
17,140331577425344,7.129083642655047,5,8,7,11,11
17,140331577425632,0.001,5,8,7,11,11
17,140331577422176,0.001,5,8,7,11,11
17,140331577422224,0.001,5,8,7,11,11
17,140331577422896,91.99458661638172,5,9,8,11,11
17,140331577424432,197.73866427872474,5,8,7,11,11
17,140331577423760,183.61566041121904,5,8,7,11,11
17,140331577424672,0.001,5,8,7,11,11
17,140331577424384,166.3224630899595,5,8,7,11,11
17,140331577423088,0.001,5,8,7,11,11
17,140331577424768,552.5497570909292,5,8,7,11,11
17,140331577740640,0.001,5,8,7,11,11
17,140331577737760,0.001,5,8,7,11,11
17,140331577738192,0.001,5,8,7,11,11
17,140331577740832,0.001,5,8,7,11,11
17,140331577739584,592.0406618652396,5,8,7,11,11
17,140331577738480,0.001,5,9,8,11,11
17,140331577737280,0.001,5,8,7,11,11
18,140331552637184,88.06825433261079,5,8,7,11,12
18,140331552637184,88.06825433261079,5,8,7,11,12
18,140331577425008,0.001,5,8,7,11,12
18,140331635762032,88.06825433261079,5,8,7,11,12
18,140331577187344,0.001,5,8,7,11,12
18,140331613129024,0.001,5,8,7,11,12
18,140331613126816,89.5753707107994,5,8,7,11,12
18,140331577274480,0.001,5,8,7,11,12
18,140331613128880,169.31482804630406,5,8,7,11,12
18,140331577275056,0.001,5,8,7,11,12
18,140331544083136,0.001,5,8,7,11,12
18,140331544081648,0.001,5,8,7,11,12
18,140331613128112,0.001,5,8,7,11,12
18,140331544084144,0.001,5,8,7,11,12
18,140331577490592,0.001,5,8,7,11,12
18,140331577491360,0.001,5,8,7,11,12
18,140331577487856,128.23857735781127,5,9,8,11,12
18,140331577490832,88.10453801570338,5,8,7,11,12
18,140331577489776,0.001,5,8,7,11,12
18,140331577771008,101.60950610231873,5,8,7,11,12
18,140331577490112,45.07948935720893,5,9,8,11,12
18,140331577771536,0.001,5,8,7,11,12
18,140331577420960,0.001,5,8,7,11,12
18,140331577770576,0.001,5,8,7,11,12
18,140331577418272,0.001,5,8,7,11,12
18,140331577300784,0.001,5,10,8,12,12
18,140331577299536,63.31207264092001,5,8,7,11,12
18,140331577302560,0.001,5,8,7,11,12
18,140331577777216,0.001,5,8,7,11,12
18,140331577740256,0.001,5,8,7,11,12
18,140331577777936,0.001,5,8,7,11,12
18,140331577777504,0.001,5,8,7,11,12
18,140331577775968,94.30237859094998,5,8,7,11,12
18,140331577879424,0.001,5,8,7,11,12
18,140331577878512,0.001,5,8,7,11,12
18,140331577880336,720.5711938483117,5,8,7,11,12
18,140331577876880,151.51505759346327,5,8,7,11,12
18,140331577878944,0.001,5,8,7,11,12
18,140331577878608,0.001,5,8,7,11,12
18,140331577878320,0.001,5,8,7,11,12
18,140331577878656,19.22942577591867,5,8,7,11,12
18,140331613123152,0.001,5,8,7,11,12
18,140331613125072,0.001,5,8,7,11,12
18,140331613122816,95.67948633222383,5,8,7,11,12
18,140331577880144,68.72795888599248,5,8,7,11,12
18,140331576986832,0.001,5,9,8,11,12
18,140331576985632,0.001,5,8,7,11,12
18,140331544227456,0.001,5,8,7,11,12
18,140331544224576,158.17238920669615,5,8,7,11,12
18,140331544226880,150.87969865581664,5,8,7,11,12
18,140331576984960,224.4679598616974,5,9,8,11,12
18,140331544224768,101.9782123237413,5,8,7,11,12
18,140331577686768,0.001,5,8,7,11,12
18,140331577686720,121.9487087299349,5,8,7,11,12
18,140331577687008,0.001,5,8,7,11,12
18,140331577684512,0.001,5,8,7,11,12
18,140331577685664,0.001,5,8,7,11,12
18,140331577685136,0.001,5,8,7,11,12
18,140331577670336,0.001,5,8,7,11,12
18,140331577761120,0.001,5,8,7,11,12
18,140331577759488,0.001,5,8,7,11,12
18,140331577760208,0.001,5,8,7,11,12
19,140331577880336,86.38797157004632,5,8,7,11,13
19,140331577880336,86.38797157004632,5,8,7,11,13
19,140331577751392,191.47102876515646,5,9,8,11,13
19,140331577685760,0.001,5,8,7,11,13
19,140331544083568,86.38797157004632,5,8,7,11,13
19,140331576609904,3.357950276013355,5,9,8,11,13
19,140331577685424,0.001,5,9,8,11,13
19,140331576609760,14.03003583711559,5,9,8,11,13
19,140331544082032,0.001,5,8,7,11,13
19,140331577646624,39.25759620735539,5,8,7,11,13
19,140331576675440,0.001,5,9,8,11,13
19,140331577646240,0.001,5,8,7,11,13
19,140331576674672,0.001,5,8,7,11,13
19,140331576675488,222.4456755031864,5,8,7,11,13
19,140331576674288,36.27752464730489,5,9,8,11,13
19,140331577299776,86.38797157004632,5,8,7,11,13
19,140331577302800,0.001,5,8,7,11,13
19,140331613129696,648.4738688696314,5,8,7,11,13
19,140331577300016,3.1208271643186265,5,8,7,11,13
19,140331577301984,0.001,5,9,8,11,13
19,140331577302320,5.894163421037433,5,8,7,11,13
19,140331577302656,74.84352542746652,5,9,8,11,13
19,140331577302272,290.7759267911425,5,8,7,11,13
19,140331577300928,0.001,5,8,7,11,13
19,140331577299920,70.00954100488099,5,8,7,11,13
19,140331576676064,0.001,5,8,7,11,13
19,140331577222528,47.63689793695815,5,9,8,11,13
19,140331577222096,28.33765828640564,5,9,8,11,13
19,140331577668320,43.44301977364566,5,8,7,11,13
19,140331577671200,0.001,5,8,7,11,13
19,140331577222480,27.697191500530238,5,9,8,11,13
19,140331577221856,91.12735431358465,5,9,8,11,13
19,140331577224832,186.4212175090617,5,8,7,11,13
19,140331577222864,0.001,5,8,7,11,13
19,140331577912000,0.001,5,8,7,11,13
19,140331577911328,0.001,5,9,8,11,13
19,140331577909600,0.001,5,8,7,11,13
19,140331577912480,0.001,5,8,7,11,13
19,140331577909312,22.07192082652695,5,9,8,11,13
19,140331577911376,210.00384250914806,5,9,8,11,13
19,140331577911280,64.61172086482094,5,8,7,11,13
19,140331577910800,53.17234662083311,5,8,7,11,13
19,140331577909792,0.001,5,9,8,11,13
19,140331577911808,0.001,5,8,7,11,13
19,140331577425152,0.001,5,8,7,11,13
19,140331577424528,181.41888414186292,5,9,8,11,13
19,140331577422368,53.19937240354858,5,9,8,11,13
19,140331577423664,0.001,5,8,7,11,13
19,140331577313984,0.001,5,8,7,11,13
19,140331577424240,11.500512397360637,5,8,7,11,13
19,140331577421888,55.61351073855366,5,9,8,11,13
19,140331577422032,35.07874871766242,5,9,8,11,13
19,140331577424816,31.1642309904106,5,8,7,11,13
19,140331577425584,0.001,5,8,7,11,13
19,140331635594048,266.5937031637695,5,8,7,11,13
19,140331635595248,0.001,5,8,7,11,13
19,140331635597168,0.001,5,9,8,11,13
19,140331635593280,25.732408264889386,5,8,7,11,13
19,140331577737616,0.001,5,8,7,11,13
19,140331577737472,46.89814303150763,5,8,7,11,13
19,140331577896336,0.001,5,8,7,11,13
19,140331577737376,86.37320888865287,5,8,7,11,13
20,140331613129696,55.23105175238706,5,8,7,11,14
20,140331613129696,55.23105175238706,5,8,7,11,14
20,140331577912864,661.8054331577093,5,8,7,11,14
20,140331571575248,103.04002108707843,5,8,7,11,14
20,140331577422608,55.27297416745523,5,8,7,11,14
20,140331613128880,0.001,5,8,7,11,14
20,140331613129024,127.37816164566135,5,8,7,11,14
20,140331577909408,0.001,5,8,7,11,14
20,140331613128784,482.23647943410185,5,8,7,11,14
20,140331544081504,0.001,5,8,7,11,14
20,140331544081216,0.001,5,8,7,11,14
20,140331544084432,0.001,5,8,7,11,14
20,140331544080736,220.55556139242083,5,8,7,11,14
20,140331577489488,533.118234326161,5,8,7,11,14
20,140331577490592,532.9213606957235,5,8,7,11,14
20,140331577490880,55.25009728922305,5,8,7,11,14
20,140331577489200,0.001,5,8,7,11,14
20,140331577772784,126.49024316546854,5,8,7,11,14
20,140331577489824,652.2140043622078,5,8,7,11,14
20,140331576675536,0.001,5,8,7,11,14
20,140331577489296,546.4837569171942,5,8,7,11,14
20,140331577773264,0.001,5,8,7,11,14
20,140331577771392,484.6332464332496,5,8,7,11,14
20,140331613129888,57.7912369364023,5,8,7,11,14
20,140331577490784,0.001,5,8,7,11,14
20,140331577299728,0.001,5,8,7,11,14
20,140331577302032,47.56887057650667,5,8,7,11,14
20,140331577777936,100.45950934293384,5,8,7,11,14
20,140331577775248,0.001,5,10,8,12,14
20,140331613123872,12.686642085577247,5,8,7,11,14
20,140331577774912,230.05803099097915,5,8,7,11,14
20,140331613124112,136.26926459503912,5,8,7,11,14
20,140331577488384,67.46595829742878,5,8,7,11,14
20,140331577776832,640.0057460778754,5,8,7,11,14
20,140331613125168,34.81706359009178,5,8,7,11,14
20,140331613124976,137.82445925217155,5,8,7,11,14
20,140331576986304,24.79425939645114,5,8,7,11,14
20,140331576985920,65.45318789919833,5,8,7,11,14
20,140331613124448,485.19140393856924,5,8,7,11,14
20,140331576986736,8.008216851288807,5,8,7,11,14
20,140331576984960,551.8200020838917,5,8,7,11,14
20,140331577880048,687.915827947257,5,8,7,11,14
20,140331577879616,41.84974412880334,5,8,7,11,14
20,140331577877984,61.714238676554146,5,8,7,11,14
20,140331577877504,0.001,5,8,7,11,14
20,140331577877120,81.33292310220983,5,9,8,11,14
20,140331577879376,32.009539716186,5,8,7,11,14
20,140331577759920,0.001,5,9,8,11,14
20,140331577758624,0.001,5,8,7,11,14
20,140331577876736,67.18405547137414,5,8,7,11,14
20,140331577758336,91.64255503021602,5,8,7,11,14
20,140331577879040,0.001,5,8,7,11,14
20,140331577760496,0.001,5,8,7,11,14
20,140331577878416,66.4506271621714,5,8,7,11,14
20,140331577687488,0.001,5,9,8,11,14
20,140331577687776,158.84660820077113,5,8,7,11,14
20,140331577685568,164.14188928688333,5,8,7,11,14
20,140331577687392,145.3839075580137,5,9,8,11,14
20,140331544207168,140.3415913039543,5,8,7,11,14
20,140331577687824,0.001,5,8,7,11,14
20,140331577740688,533.667581557182,5,8,7,11,14
20,140331577685904,64.98486634801614,5,8,7,11,14
21,140331577880048,154.24304184563408,5,8,7,11,15
21,140331577880048,154.24304184563408,5,8,7,11,15
21,140331577687200,132.27993690465505,5,8,7,11,15
21,140331577685760,36.08945796552189,5,8,7,11,15
21,140331577640752,714.7866525541627,5,8,7,11,15
21,140331577277696,275.35477154816084,5,8,7,11,15
21,140331552638432,9.690039217386612,5,8,7,11,15
21,140331613130320,155.6597200109674,5,8,7,11,15
21,140331577644752,33.99038078170298,5,8,7,11,15
21,140331577646528,0.001,5,8,7,11,15
21,140331577686912,0.001,5,8,7,11,15
21,140331577643504,128.1859982294243,5,8,7,11,15
21,140331577774624,157.86630582634928,5,8,7,11,15
21,140331613130224,6.292158103881519,5,8,7,11,15
21,140331576674240,0.001,5,8,7,11,15
21,140331576674288,141.98066672379352,5,8,7,11,15
21,140331576675344,0.001,5,8,7,11,15
21,140331576675440,0.001,5,8,7,11,15
21,140331576674960,0.001,5,8,7,11,15
21,140331577300112,203.95118597656324,5,8,7,11,15
21,140331577302800,614.3269628684675,5,8,7,11,15
21,140331577299824,274.3215253207668,5,8,7,11,15
21,140331577302704,217.02824803956588,5,8,7,11,15
21,140331577299248,0.001,5,8,7,11,15
21,140331577301600,250.40022621140253,5,8,7,11,15
21,140331577222144,604.3662499201107,5,8,7,11,15
21,140331577223824,169.44067888099715,5,8,7,11,15
21,140331577224160,0.001,5,8,7,11,15
21,140331577222192,201.16245452355645,5,8,7,11,15
21,140331577224688,491.8486877255753,5,8,7,11,15
21,140331577668512,0.001,5,8,7,11,15
21,140331577437008,0.001,5,8,7,11,15
21,140331577224352,19.771758340879956,5,8,7,11,15
21,140331577224016,0.001,5,8,7,11,15
21,140331577437200,0.001,5,9,8,11,15
21,140331577224544,0.001,5,8,7,11,15
21,140331577224208,0.001,5,8,7,11,15
21,140331577909360,0.001,5,8,7,11,15
21,140331577912960,42.77425878235994,5,8,7,11,15
21,140331577909792,290.0276177275542,5,8,7,11,15
21,140331577909648,0.001,5,8,7,11,15
21,140331577909888,0.001,5,8,7,11,15
21,140331577912816,200.3023094418117,5,8,7,11,15
21,140331577912336,0.001,5,8,7,11,15
21,140331577909936,0.001,5,8,7,11,15
21,140331577910320,0.001,5,8,7,11,15
21,140331577423376,618.580814472266,5,8,7,11,15
21,140331577425632,109.51462334930403,5,8,7,11,15
21,140331577423184,0.001,5,8,7,11,15
21,140331577424480,0.001,5,8,7,11,15
21,140331577424624,152.77399202255006,5,8,7,11,15
21,140331577312160,165.22507436808758,5,8,7,11,15
21,140331577421888,363.9879882211043,5,8,7,11,15
21,140331577425872,0.001,5,10,8,12,15
21,140331613124352,0.001,5,8,7,11,15
21,140331613126320,0.001,5,8,7,11,15
21,140331577423952,95.6029045786913,5,8,7,11,15
21,140331577740736,0.001,5,8,7,11,15
21,140331577737904,35.321629991941194,5,8,7,11,15
21,140331577740640,0.001,5,8,7,11,15
21,140331577422656,264.80435462091253,5,8,7,11,15
21,140331577738480,239.33172084092394,5,8,7,11,15
22,140331577640752,16.813051743004436,5,8,7,11,16
22,140331577640752,16.813051743004436,5,8,7,11,16
22,140331576622528,0.001,5,8,7,11,16
22,140331577224496,31.437754573580463,5,8,7,11,16
22,140331576619744,0.001,5,8,7,11,16
22,140331552638480,546.3415556961083,5,8,7,11,16
22,140331635678704,509.81532544188326,5,8,7,11,16
22,140331613129936,123.77559920147519,5,8,7,11,16
22,140331577222576,0.001,5,8,7,11,16
22,140331544157776,480.646416101538,5,8,7,11,16
22,140331613130704,0.001,5,8,7,11,16
22,140331576675248,0.001,5,8,7,11,16
22,140331635677888,0.001,5,8,7,11,16
22,140331613129408,493.3315524594814,5,8,7,11,16
22,140331577418272,10.730265524161254,5,8,7,11,16
22,140331544081648,0.001,5,8,7,11,16
22,140331613129696,447.19194906073324,5,8,7,11,16
22,140331544081024,11.57277813862369,5,8,7,11,16
22,140331544154656,8.220806776119758,5,8,7,11,16
22,140331544080496,0.001,5,8,7,11,16
22,140331544082800,48.964249221240635,5,8,7,11,16
22,140331577489344,498.6988791445309,5,8,7,11,16
22,140331577642240,0.001,5,8,7,11,16
22,140331577487712,613.6444847913341,5,8,7,11,16
22,140331577301168,468.88586013829627,5,8,7,11,16
22,140331544081504,0.001,5,8,7,11,16
22,140331577488432,0.001,5,8,7,11,16
22,140331577491312,0.001,5,8,7,11,16
22,140331577489488,0.001,5,8,7,11,16
22,140331544082752,0.001,5,8,7,11,16
22,140331577299296,439.1667497415625,5,8,7,11,16
22,140331577488240,0.001,5,8,7,11,16
22,140331577775248,0.001,5,8,7,11,16
22,140331577278272,31.576704021463883,5,8,7,11,16
22,140331577277936,0.001,5,8,7,11,16
22,140331571576208,450.99244371029624,5,8,7,11,16
22,140331613123872,550.4741407075719,5,8,7,11,16
22,140331577276496,5.816932195976278,5,8,7,11,16
22,140331613123968,0.001,5,9,8,11,16
22,140331613125264,0.001,5,8,7,11,16
22,140331577770144,626.0107310383805,5,8,7,11,16
22,140331577773072,0.001,5,8,7,11,16
22,140331576985920,0.001,5,8,7,11,16
22,140331576986304,0.001,5,8,7,11,16
22,140331577760976,0.001,5,8,7,11,16
22,140331577773360,0.001,5,8,7,11,16
22,140331577761120,0.001,5,8,7,11,16
22,140331577758624,0.001,5,8,7,11,16
22,140331576984816,0.001,5,8,7,11,16
22,140331577759392,493.7865344510477,5,8,7,11,16
22,140331577876976,502.5860703106186,5,8,7,11,16
22,140331577879568,38.40241162945574,5,8,7,11,16
22,140331577879856,0.001,5,8,7,11,16
22,140331577880096,0.001,5,8,7,11,16
22,140331577878752,0.001,5,8,7,11,16
22,140331577877312,146.3041283589995,5,8,7,11,16
22,140331577878032,2.6252451076067587,5,9,8,11,16
22,140331577878992,12.361664756167443,5,8,7,11,16
22,140331577877696,507.9830540779793,5,8,7,11,16
22,140331577876784,582.5783319105001,5,8,7,11,16
22,140331577687344,0.001,5,8,7,11,16
22,140331577686144,10.730265524161254,5,8,7,11,16
23,140331577770144,0.001,5,8,7,11,17
23,140331577770144,0.001,5,8,7,11,17
23,140331552976032,0.001,5,8,7,11,17
23,140331577488192,333.7125712010658,5,8,7,11,17
23,140331577491216,638.8679040540834,5,8,7,11,17
23,140331613127584,0.001,5,8,7,11,17
23,140331577491168,0.001,5,8,7,11,17
23,140331577685184,619.0659826858432,5,8,7,11,17
23,140331544083568,0.001,5,8,7,11,17
23,140331577686912,5.859226466706247,5,8,7,11,17
23,140331577880336,0.001,5,8,7,11,17
23,140331613130080,227.73992259618353,5,8,7,11,17
23,140331544081408,0.001,5,8,7,11,17
23,140331576675200,0.001,5,8,7,11,17
23,140331577646240,0.001,5,8,7,11,17
23,140331577668224,0.001,5,8,7,11,17
23,140331577669376,229.0465916033276,5,8,7,11,17
23,140331577751440,148.48635005062962,5,8,7,11,17
23,140331577671440,0.001,5,8,7,11,17
23,140331577750864,153.9137400915102,5,8,7,11,17
23,140331577752736,20.283553816292525,5,8,7,11,17
23,140331577750960,0.001,5,8,7,11,17
23,140331577223632,234.88861248896006,5,8,7,11,17
23,140331577224544,0.001,5,8,7,11,17
23,140331577222288,616.8242232412717,5,8,7,11,17
23,140331577222480,64.65199363336319,5,8,7,11,17
23,140331577436432,8.885678870500442,5,8,7,11,17
23,140331577437824,265.8023511991322,5,8,7,11,17
23,140331577434512,14.881835936414504,5,8,7,11,17
23,140331577223296,0.001,5,8,7,11,17
23,140331577645568,0.001,5,8,7,11,17
23,140331577225120,217.17434482801065,5,8,7,11,17
23,140331577222240,16.213941389779592,5,8,7,11,17
23,140331571575344,0.001,5,8,7,11,17
23,140331571574576,165.20476584150737,5,9,8,11,17
23,140331571575152,0.001,5,8,7,11,17
23,140331577419856,0.001,5,8,7,11,17
23,140331577418464,0.001,5,8,7,11,17
23,140331577421776,0.001,5,8,7,11,17
23,140331576775776,0.001,5,8,7,11,17
23,140331576619984,0.001,5,8,7,11,17
23,140331577420144,0.001,5,8,7,11,17
23,140331577418176,0.001,5,8,7,11,17
23,140331577420912,157.6454635694443,5,8,7,11,17
23,140331612951312,0.001,5,8,7,11,17
23,140331612953424,0.001,5,8,7,11,17
23,140331576622000,0.001,5,8,7,11,17
23,140331612954336,0.001,5,8,7,11,17
23,140331612951024,657.8161184745584,5,8,7,11,17
23,140331577276304,0.001,5,8,7,11,17
23,140331577687440,634.3622466467151,5,8,7,11,17
23,140331577276112,0.001,5,8,7,11,17
23,140331577687968,169.87692029898096,5,8,7,11,17
23,140331612953856,669.9756758752937,5,8,7,11,17
23,140331577275056,0.001,5,8,7,11,17
23,140331577685616,40.85135441491144,5,9,8,11,17
23,140331635677600,0.001,5,8,7,11,17
23,140331635675344,0.001,5,8,7,11,17
23,140331577490736,618.6870588824295,5,8,7,11,17
23,140331635678512,26.26539058663984,5,8,7,11,17
23,140331577489584,0.001,5,8,7,11,17
23,140331577487904,322.86005188572864,5,8,7,11,17
24,140331612953856,435.05798099540675,5,8,7,11,18
24,140331612953856,435.05798099540675,5,8,7,11,18
24,140331576622528,0.001,5,8,7,11,18
24,140331576674816,614.7005578288937,5,8,7,11,18
24,140331577422608,50.27731242404798,5,8,7,11,18
24,140331635677792,205.8459646831878,5,8,7,11,18
24,140331577224112,76.93383887439566,5,8,7,11,18
24,140331552638528,528.9594720829838,5,8,7,11,18
24,140331577420720,146.92053230807164,5,8,7,11,18
24,140331635676784,205.86775588824074,5,10,8,12,18
24,140331577911712,0.001,5,8,7,11,18
24,140331571576208,437.35111541294253,5,8,7,11,18
24,140331577640944,509.2311823057072,5,8,7,11,18
24,140331577424432,121.51218229106354,5,8,7,11,18
24,140331577491312,399.47540213129884,5,8,7,11,18
24,140331577489824,0.001,5,8,7,11,18
24,140331577489680,611.1983166466058,5,8,7,11,18
24,140331577278128,430.65252025365265,5,8,7,11,18
24,140331577300784,74.96002996665365,5,8,7,11,18
24,140331577488960,76.93383887439566,5,8,7,11,18
24,140331577490976,556.0097769732656,5,8,7,11,18
24,140331577489200,439.19336538888547,5,8,7,11,18
24,140331577488816,102.25517536477793,5,8,7,11,18
24,140331577774816,0.001,5,8,7,11,18
24,140331577777792,528.9740889188653,5,8,7,11,18
24,140331577776016,541.3485713499622,5,8,7,11,18
24,140331613123152,0.001,5,9,8,11,18
24,140331577774912,67.31339794169963,5,8,7,11,18
24,140331577776496,472.11830329746755,5,8,7,11,18
24,140331613125024,608.8221736758725,5,8,7,11,18
24,140331577773744,0.001,5,8,7,11,18
24,140331577770768,0.001,5,8,7,11,18
24,140331577772400,385.8194852776479,5,8,7,11,18
24,140331576984816,446.1901813372739,5,8,7,11,18
24,140331577312928,551.0720004475884,5,8,7,11,18
24,140331612952368,92.51951978890241,5,8,7,11,18
24,140331577770336,622.2840643055622,5,8,7,11,18
24,140331612952080,604.1111288934893,5,8,7,11,18
24,140331612954096,55.90868230586901,5,8,7,11,18
24,140331577772496,546.5880858186262,5,8,7,11,18
24,140331612954480,0.001,5,8,7,11,18
24,140331577684560,68.60055917398745,5,8,7,11,18
24,140331577687824,586.1238001436975,5,8,7,11,18
24,140331612953328,70.97259803732106,5,8,7,11,18
24,140331577687392,0.001,5,8,7,11,18
24,140331577686096,537.4594330733327,5,8,7,11,18
24,140331577877456,84.6886246186198,5,8,7,11,18
24,140331577880480,92.46844206062767,5,8,7,11,18
24,140331577877072,698.6445519685232,5,8,7,11,18
24,140331577876640,96.89852106229475,5,8,7,11,18
24,140331577879088,46.19707795017425,5,9,8,11,18
24,140331544083040,547.0917941534112,5,8,7,11,18
24,140331577878368,46.49935385747659,5,8,7,11,18
24,140331577877408,577.9259940975404,5,8,7,11,18
24,140331544082752,125.65409403407548,5,8,7,11,18
24,140331577879712,581.1104384361729,5,8,7,11,18
24,140331544081216,0.001,5,8,7,11,18
24,140331577876784,0.001,5,8,7,11,18
24,140331577671584,81.12783730265454,5,8,7,11,18
24,140331577670720,67.26188893158266,5,8,7,11,18
24,140331577669136,79.1996726210412,5,8,7,11,18
24,140331577668128,544.6840102265778,5,8,7,11,18
25,140331577877072,28.15821086321931,5,8,7,11,19
25,140331577877072,28.15821086321931,5,8,7,11,19
25,140331552973296,0.001,5,8,7,11,19
25,140331577877888,0.001,5,8,7,11,19
25,140331577878560,0.001,5,8,7,11,19
25,140331577880336,42.953833603960305,5,8,7,11,19
25,140331577751488,10.147812482678901,5,8,7,11,19
25,140331544226352,0.001,5,8,7,11,19
25,140331576985968,0.001,5,8,7,11,19
25,140331577878272,0.001,5,8,7,11,19
25,140331577751152,0.001,5,8,7,11,19
25,140331577913008,314.9956456463049,5,8,7,11,19
25,140331577645232,0.001,5,8,7,11,19
25,140331577644464,180.28394463083674,5,8,7,11,19
25,140331577913056,0.001,5,8,7,11,19
25,140331576674288,0.001,5,8,7,11,19
25,140331571574672,0.001,5,8,7,11,19
25,140331576675344,15.922124763181898,5,8,7,11,19
25,140331576675488,164.40057851017053,5,8,7,11,19
25,140331577772688,0.001,5,8,7,11,19
25,140331576622384,588.8655177498899,5,8,7,11,19
25,140331576622768,609.8133260483198,5,8,7,11,19
25,140331577911760,294.75069362935375,5,8,7,11,19
25,140331576622000,253.52703305660782,5,8,7,11,19
25,140331577643072,28.15821086321931,5,8,7,11,19
25,140331576674768,588.8616245183102,5,8,7,11,19
25,140331576676160,0.001,5,8,7,11,19
25,140331577421200,15.571855286373747,5,8,7,11,19
25,140331577418944,0.001,5,8,7,11,19
25,140331577419760,618.7899629600244,5,8,7,11,19
25,140331577420672,0.001,5,8,7,11,19
25,140331577421344,264.6712321667789,5,8,7,11,19
25,140331612954432,43.86086991208228,5,8,7,11,19
25,140331612952272,615.2481422157732,5,8,7,11,19
25,140331612953616,615.5796491062229,5,8,7,11,19
25,140331577421056,605.4220930202173,5,8,7,11,19
25,140331577275296,192.16132917982486,5,8,7,11,19
25,140331577684656,603.6108949389157,5,8,7,11,19
25,140331577276112,621.6038820505887,5,8,7,11,19
25,140331577685952,0.001,5,8,7,11,19
25,140331577488336,273.8630717247976,5,8,7,11,19
25,140331577489440,0.001,5,8,7,11,19
25,140331577488192,0.001,5,8,7,11,19
25,140331577275200,597.3958952038597,5,8,7,11,19
25,140331577775296,629.637666727153,5,8,7,11,19
25,140331576777840,285.03967491938675,5,8,7,11,19
25,140331577487760,187.05870007140538,5,8,7,11,19
25,140331576776160,584.5890111394846,5,8,7,11,19
25,140331577669376,588.7990475214591,5,8,7,11,19
25,140331577667888,0.001,5,8,7,11,19
25,140331577670384,0.001,5,8,7,11,19
25,140331577777024,202.68425388378182,5,8,7,11,19
25,140331577301504,587.2205749263053,5,8,7,11,19
25,140331577300256,409.165901665336,5,8,7,11,19
25,140331577302128,0.001,5,8,7,11,19
25,140331577299584,0.001,5,8,7,11,19
25,140331577300064,0.001,5,8,7,11,19
25,140331577703632,0.001,5,8,7,11,19
25,140331577703152,0.001,5,9,8,11,19
25,140331577704400,10.508968415119355,5,8,7,11,19
25,140331577703056,124.974731715471,5,8,7,11,19
25,140331577700896,644.1876785304174,5,8,7,11,19
