generation,id,fitness,species,num_connections,num_enabled_connections,num_nodes,level_number
0,140331552638480,0.001,0,8,8,11,0
0,140331552975936,0.001,1,8,8,11,0
0,140331552976800,0.001,2,8,8,11,0
0,140331552976704,0.001,3,8,8,11,0
0,140331552973344,0.001,4,8,8,11,0
0,140331552975216,0.001,5,8,8,11,0
0,140331552975168,0.001,6,8,8,11,0
0,140331571574624,0.001,7,8,8,11,0
0,140331571574816,0.001,8,8,8,11,0
0,140331571575200,0.001,9,8,8,11,0
1,140331552638480,0.001,0,8,8,11,0
2,140331552638480,0.001,0,8,8,11,0
2,140331552638480,0.001,0,8,8,11,0
2,140331576985824,104.85148598796118,0,8,8,11,0
2,140331571574672,0.001,0,8,8,11,0
2,140331576675248,0.001,0,8,8,11,0
2,140331576675296,0.001,0,8,8,11,0
2,140331576675776,0.001,0,8,8,11,0
2,140331576675440,0.001,0,8,8,11,0
2,140331576776640,0.001,0,8,8,11,0
2,140331576775056,0.001,0,8,8,11,0
2,140331577302416,200.61147187113625,0,8,8,11,0
2,140331576778272,0.001,0,8,8,11,0
3,140331577302416,200.61147187113625,0,8,8,11,1
3,140331577302416,200.61147187113625,0,8,8,11,1
3,140331577421888,0.001,0,8,8,11,1
3,140331577424960,0.001,0,8,8,11,1
3,140331577434560,200.61147187113625,0,8,8,11,1
3,140331577423568,0.001,0,8,8,11,1
3,140331577423904,105.81983329439637,0,8,8,11,1
3,140331577434224,0.001,0,8,8,11,1
3,140331577423136,0.001,0,8,8,11,1
3,140331577424144,0.001,0,8,8,11,1
3,140331577299104,0.001,0,8,8,11,1
3,140331577299056,124.36987658924627,0,8,8,11,1
4,140331577302416,0.001,0,8,8,11,1
4,140331577302416,0.001,0,8,8,11,1
4,140331577302608,0.001,0,8,8,11,1
4,140331577302704,0.001,0,8,8,11,1
4,140331577302896,0.001,0,8,8,11,1
4,140331571575344,0.001,0,8,8,11,1
4,140331577302992,0.001,0,8,8,11,1
4,140331576777648,0.001,0,8,8,11,1
4,140331576775008,0.001,0,8,8,11,1
4,140331576778032,0.001,0,9,9,11,1
4,140331576675392,0.001,0,8,8,11,1
4,140331576676160,0.001,0,8,8,11,1
5,140331577302416,0.001,0,8,8,11,1
5,140331577302416,0.001,0,8,8,11,1
5,140331577301888,0.001,0,8,8,11,1
5,140331577301216,61.02000640585757,0,8,8,11,1
5,140331577301984,0.001,0,8,8,11,1
5,140331577299296,0.001,0,8,8,11,1
5,140331577436912,0.001,0,9,9,11,1
5,140331577434560,0.001,0,8,8,11,1
5,140331577301936,0.001,0,8,8,11,1
5,140331577299824,0.001,0,8,8,11,1
5,140331577223680,0.001,0,8,8,11,1
5,140331577350128,0.001,0,8,8,11,1
6,140331577301216,61.02000640585757,0,8,8,11,1
6,140331577301216,61.02000640585757,0,8,8,11,1
6,140331571574672,0.001,0,8,8,11,1
6,140331576984240,76.98086158660098,0,8,8,11,1
6,140331577299248,0.001,0,8,8,11,1
6,140331576777648,0.001,0,9,9,11,1
6,140331576776544,0.001,0,8,8,11,1
6,140331576775728,0.001,0,8,8,11,1
6,140331577606592,0.001,0,8,8,11,1
6,140331577609184,0.001,0,8,8,11,1
6,140331577607360,0.001,0,8,8,11,1
6,140331577608848,0.001,0,8,8,11,1
7,140331576984240,76.98086158660098,0,8,8,11,1
7,140331576984240,76.98086158660098,0,8,8,11,1
7,140331577608032,100.13645449879104,0,8,8,11,1
7,140331577320352,61.02000640585757,0,8,8,11,1
7,140331577608800,61.02000640585757,0,8,8,11,1
7,140331577607648,0.001,0,8,8,11,1
7,140331577610144,2.532916392532769,0,8,8,11,1
7,140331577299440,90.64461197524096,0,8,8,11,1
7,140331577299056,0.001,0,8,8,11,1
7,140331577350176,0.001,0,8,8,11,1
7,140331577350608,0.3506903475079639,0,8,8,11,1
7,140331577299344,61.02000640585757,0,8,8,11,1
8,140331577608032,100.13645449879104,0,8,8,11,1
8,140331577608032,100.13645449879104,0,8,8,11,1
8,140331571575344,76.98086158660098,0,8,8,11,1
8,140331571574624,74.3959762726353,0,8,8,11,1
8,140331576775824,75.79229949654476,0,8,8,11,1
8,140331576776112,76.98157233506046,0,8,8,11,1
8,140331576776640,0.001,0,8,8,11,1
8,140331576776592,0.001,0,8,8,11,1
8,140331577300976,0.001,0,8,8,11,1
8,140331577608080,9.872272793019206,0,8,8,11,1
8,140331577435712,0.001,0,8,8,11,1
8,140331577435376,21.728630237449266,0,8,8,11,1
9,140331577608032,100.13645449879104,0,8,8,11,2
9,140331577608032,100.13645449879104,0,8,8,11,2
9,140331577299296,0.001,0,8,8,11,2
9,140331577312448,0.001,0,8,8,11,2
9,140331577225120,0.001,0,8,8,11,2
9,140331576775536,74.42407010521029,0,8,8,11,2
9,140331577301984,0.001,0,8,8,11,2
9,140331576984240,77.07287868001387,0,8,8,11,2
9,140331577321456,548.2703067557198,0,8,8,11,2
9,140331577326320,23.894095926947102,0,8,8,11,2
9,140331577349360,82.09586790283475,0,8,8,11,2
9,140331577350272,0.001,0,8,8,11,2
10,140331577321456,0.001,0,8,8,11,2
10,140331577321456,0.001,0,8,8,11,2
10,140331577351904,0.001,0,8,8,11,2
10,140331577350512,0.001,0,8,8,11,2
10,140331576776592,0.001,0,8,8,11,2
10,140331576609760,0.001,0,8,8,11,2
10,140331577302800,0.001,0,8,8,11,2
10,140331576985824,0.001,0,8,8,11,2
10,140331577299008,0.001,0,8,8,11,2
10,140331576777648,0.001,0,8,8,11,2
10,140331571574672,0.001,0,10,9,12,2
10,140331577435136,0.001,0,8,8,11,2
11,140331577321456,0.001,0,8,8,11,2
11,140331577321456,0.001,0,8,8,11,2
11,140331577350272,0.001,0,8,8,11,2
11,140331577348688,0.001,0,10,9,12,2
11,140331577351712,0.001,0,8,8,11,2
11,140331577299104,0.001,0,8,8,11,2
11,140331577321888,0.001,0,8,8,11,2
11,140331576774912,0.001,0,8,8,11,2
11,140331577299344,0.001,0,8,8,11,2
11,140331576675728,0.001,0,8,8,11,2
11,140331577609856,0.001,0,8,8,11,2
11,140331576777360,0.001,0,8,8,11,2
12,140331577321456,0.001,0,8,8,11,2
12,140331577321456,0.001,0,8,8,11,2
12,140331571574624,0.001,0,8,8,11,2
12,140331571575248,0.001,0,8,8,11,2
12,140331577322560,0.001,0,8,8,11,2
12,140331577606496,0.001,0,8,8,11,2
12,140331577349216,0.001,0,8,8,11,2
12,140331576775920,0.001,0,9,9,11,2
12,140331576776544,0.001,0,8,8,11,2
12,140331576777792,0.001,0,8,8,11,2
12,140331577351904,0.001,0,8,8,11,2
12,140331577272448,0.001,0,8,7,11,2
13,140331577321456,0.001,0,8,8,11,2
13,140331577321456,0.001,0,8,8,11,2
13,140331577302320,0.001,0,8,8,11,2
13,140331577437872,0.001,0,8,8,11,2
13,140331577299104,0.001,0,8,8,11,2
13,140331576777888,0.001,0,8,8,11,2
13,140331576984240,0.001,0,8,8,11,2
13,140331577349408,0.001,0,8,8,11,2
13,140331577299056,0.001,0,8,8,11,2
13,140331576674432,0.001,0,8,8,11,2
13,140331577301840,0.001,0,8,8,11,2
13,140331577312448,0.001,0,9,9,11,2
14,140331577321456,0.001,0,8,8,11,2
14,140331577321456,0.001,0,8,8,11,2
14,140331577350512,0.001,0,9,9,11,2
14,140331576675008,0.001,0,8,8,11,2
14,140331577351760,0.001,0,8,8,11,2
14,140331576778320,0.001,0,8,8,11,2
14,140331576985776,0.001,0,8,8,11,2
14,140331577725040,0.001,0,8,8,11,2
14,140331577301696,0.001,0,8,8,11,2
14,140331577607264,0.001,0,8,8,11,2
14,140331577313408,0.001,0,8,8,11,2
14,140331577609232,0.001,0,8,8,11,2
15,140331577321456,0.001,0,8,8,11,2
15,140331577321456,0.001,0,8,8,11,2
15,140331576619936,0.001,0,8,8,11,2
15,140331577314464,0.001,0,8,8,11,2
15,140331577312688,0.001,0,8,8,11,2
15,140331576777072,0.001,0,9,9,11,2
15,140331576675296,0.001,0,8,8,11,2
15,140331577325216,0.001,0,9,9,11,2
15,140331577350704,0.001,0,8,8,11,2
15,140331577438160,0.001,0,9,9,11,2
15,140331577348688,0.001,0,9,9,11,2
15,140331577351184,0.001,0,9,9,11,2
16,140331577321456,0.001,0,8,8,11,2
16,140331577321456,0.001,0,8,8,11,2
16,140331577349216,0.001,0,8,8,11,2
16,140331577350512,0.001,0,8,8,11,2
16,140331577727296,0.001,0,9,9,11,2
16,140331577274080,0.001,0,8,8,11,2
16,140331577351760,0.001,0,8,8,11,2
16,140331577270624,0.001,0,8,8,11,2
16,140331577272400,0.001,0,8,8,11,2
16,140331576983664,0.001,0,8,8,11,2
16,140331577437776,0.001,0,8,8,11,2
16,140331576775296,0.001,0,8,8,11,2
17,140331577321456,0.001,0,8,8,11,2
17,140331577321456,0.001,0,8,8,11,2
17,140331577423568,97.78338978381274,0,9,9,11,2
17,140331577299296,0.001,0,8,8,11,2
17,140331576674480,0.001,0,8,8,11,2
17,140331577326272,0.001,0,8,8,11,2
17,140331577689280,0.001,0,8,8,11,2
17,140331577609760,0.001,0,8,8,11,2
17,140331577438160,0.001,0,8,8,11,2
17,140331577690048,0.001,0,8,8,11,2
17,140331577422416,0.001,0,8,8,11,2
17,140331576620032,0.001,0,8,8,11,2
18,140331577423568,97.78338978381274,0,9,9,11,2
18,140331577423568,97.78338978381274,0,9,9,11,2
18,140331577437776,0.001,0,8,8,11,2
18,140331576985824,58.730823691254955,0,9,9,11,2
18,140331577726720,0.001,0,8,8,11,2
18,140331576983664,0.001,0,8,8,11,2
18,140331577302608,0.001,0,9,9,11,2
18,140331577727776,0.001,0,9,9,11,2
18,140331571575344,0.001,0,9,9,11,2
18,140331577421936,0.001,0,8,8,11,2
18,140331577321552,0.001,0,8,8,11,2
18,140331576776640,0.001,0,8,8,11,2
19,140331577423568,97.78338978381274,0,9,9,11,2
19,140331577423568,97.78338978381274,0,9,9,11,2
19,140331576622624,97.78338978381274,0,9,9,11,2
19,140331577434704,0.001,0,9,9,11,2
19,140331577609568,0.001,0,9,9,11,2
19,140331577302464,108.68655990112882,0,9,9,11,2
19,140331576777360,94.05236506651909,0,10,10,11,2
19,140331577436768,0.001,0,9,9,11,2
19,140331577691440,0.001,0,9,9,11,2
19,140331577300784,0.001,0,9,9,11,2
19,140331577322944,0.001,0,9,9,11,2
19,140331577321456,0.001,0,9,9,11,2
20,140331577302464,108.68655990112882,0,9,9,11,2
20,140331577302464,108.68655990112882,0,9,9,11,2
20,140331577302608,0.001,0,9,9,11,2
20,140331576776352,97.78338978381274,0,9,9,11,2
20,140331577322560,53.697075519141464,0,9,9,11,2
20,140331577300976,0.001,0,9,9,11,2
20,140331577311728,0.001,0,9,9,11,2
20,140331577667104,0.001,0,9,9,11,2
20,140331577435232,0.001,0,9,9,11,2
20,140331577437776,0.001,0,9,9,11,2
20,140331577351760,0.001,0,9,9,11,2
20,140331577728688,0.001,0,9,9,11,2
21,140331577302464,108.68655990112882,0,9,9,11,2
21,140331577302464,108.68655990112882,0,9,9,11,2
21,140331577725856,0.001,0,9,9,11,2
21,140331577727440,0.001,0,9,9,11,2
21,140331576674192,62.15512128143101,0,9,9,11,2
21,140331577300880,105.25218056546603,0,9,9,11,2
21,140331576619936,0.001,0,9,9,11,2
21,140331577727056,75.33300945033326,0,9,9,11,2
21,140331577299920,123.94508454490602,0,9,9,11,2
21,140331577725280,0.001,0,9,9,11,2
21,140331577325312,0.001,0,9,9,11,2
21,140331577425200,67.59190471731779,0,9,9,11,2
22,140331577299920,108.68655990112882,0,9,9,11,2
22,140331577299920,108.68655990112882,0,9,9,11,2
22,140331576983664,111.77015319323621,0,9,9,11,2
22,140331577664992,101.95111729396513,0,9,9,11,2
22,140331577606208,0.001,0,9,9,11,2
22,140331577351904,0.001,0,9,9,11,2
22,140331576777648,102.73088060508871,0,9,9,11,2
22,140331577665088,123.94508454490602,0,9,9,11,2
22,140331577726960,123.94508454490602,0,9,9,11,2
22,140331577728688,79.43843360109938,0,9,9,11,2
22,140331576675248,0.001,0,9,9,11,2
22,140331577691872,0.001,0,9,9,11,2
23,140331577665088,108.68655990112882,0,9,9,11,2
23,140331577665088,108.68655990112882,0,9,9,11,2
23,140331576676160,0.001,0,9,9,11,2
23,140331576675104,82.97006509875155,0,9,9,11,2
23,140331576674672,0.001,0,9,9,11,2
23,140331576623056,0.001,0,9,9,11,2
23,140331577325696,0.001,0,9,9,11,2
23,140331576676016,0.001,0,9,9,11,2
23,140331577301504,0.001,0,9,9,11,2
23,140331577425488,0.001,0,9,9,11,2
23,140331577422416,0.001,0,9,9,11,2
23,140331577728016,0.001,0,9,9,11,2
24,140331577665088,123.94508454490602,0,9,9,11,2
24,140331577665088,123.94508454490602,0,9,9,11,2
24,140331577610096,0.001,0,10,10,11,2
24,140331577691536,0.001,0,9,9,11,2
24,140331576675008,0.001,0,9,9,11,2
24,140331577311824,0.001,0,9,9,11,2
24,140331576776544,0.001,0,9,9,11,2
24,140331577436336,0.001,0,9,9,11,2
24,140331576984672,0.001,0,9,9,11,2
24,140331576620080,0.001,0,9,9,11,2
24,140331577688656,0.001,0,9,9,11,2
24,140331577423472,0.001,0,9,9,11,2
25,140331577665088,108.68655990112882,0,9,9,11,2
25,140331577665088,108.68655990112882,0,9,9,11,2
25,140331577311488,0.001,0,9,9,11,2
25,140331576623056,0.001,0,9,9,11,2
25,140331571575152,0.001,0,9,9,11,2
25,140331577425200,0.001,0,9,9,11,2
25,140331577323632,0.001,0,9,9,11,2
25,140331577349408,98.10391852687107,0,9,9,11,2
25,140331577326896,4.571337973531129,0,10,10,11,2
25,140331577300400,0.001,0,9,9,11,2
25,140331577727248,0.001,0,10,10,11,2
25,140331577271968,0.001,0,10,10,11,2
26,140331577665088,108.68655990112882,0,9,9,11,2
26,140331577665088,108.68655990112882,0,9,9,11,2
26,140331576622480,0.001,0,9,9,11,2
26,140331577692064,42.48198548898367,0,9,9,11,2
26,140331552975888,123.94508454490602,0,9,9,11,2
26,140331577350368,0.001,0,10,10,11,2
26,140331577434656,0.001,0,9,9,11,2
26,140331576985008,0.001,0,9,9,11,2
26,140331576775200,0.001,0,9,9,11,2
26,140331576777648,0.001,0,9,9,11,2
26,140331577324400,0.001,0,9,9,11,2
26,140331577664608,0.001,0,9,9,11,2
27,140331552975888,108.68655990112882,0,9,9,11,2
27,140331552975888,108.68655990112882,0,9,9,11,2
27,140331577667840,0.001,0,9,9,11,2
27,140331577314320,108.96148246741379,0,9,9,11,2
27,140331577669280,0.001,0,9,9,11,2
27,140331577668896,0.001,0,9,9,11,2
27,140331577670336,0.001,0,9,9,11,2
27,140331577608224,0.001,0,9,9,11,2
27,140331577668128,123.94508454490602,0,9,9,11,2
27,140331577671344,0.001,0,9,9,11,2
27,140331577434320,19.885270679948263,0,9,9,11,2
27,140331577655648,123.94508454490602,0,9,9,11,2
28,140331577668128,108.68655990112882,0,9,9,11,2
28,140331577668128,108.68655990112882,0,9,9,11,2
28,140331577351280,0.001,0,9,9,11,2
28,140331576775296,58.15069675112218,0,9,9,11,2
28,140331577691488,0.001,0,9,9,11,2
28,140331577321552,0.001,0,9,9,11,2
28,140331577436096,79.69366909263618,0,9,9,11,2
28,140331576984672,108.68655990112882,0,9,9,11,2
28,140331576622384,0.001,0,9,9,11,2
28,140331552973344,108.68655990112882,0,9,9,11,2
28,140331577657856,0.001,0,9,9,11,2
28,140331577609904,71.18393996170926,0,9,9,11,2
29,140331577668128,123.94508454490602,0,9,9,11,2
29,140331577668128,123.94508454490602,0,9,9,11,2
29,140331577657664,0.001,0,9,9,11,2
29,140331577658672,0.001,0,9,9,11,2
29,140331576675536,73.94430743769044,0,9,9,11,2
29,140331577727584,108.68655990112882,0,9,9,11,2
29,140331577727968,0.001,10,11,10,12,2
29,140331577656320,0.001,0,9,9,11,2
29,140331577608224,0.001,0,9,9,11,2
29,140331577312832,0.001,0,9,9,11,2
29,140331577314896,0.001,0,9,9,11,2
29,140331577658192,0.001,0,10,10,11,2
30,140331577668128,108.68655990112882,0,9,9,11,2
30,140331577668128,108.68655990112882,0,9,9,11,2
30,140331577323968,0.001,0,9,9,11,2
30,140331576622144,0.001,0,9,9,11,2
30,140331576775296,0.001,0,9,9,11,2
30,140331552976032,0.001,0,9,9,11,2
30,140331577606208,0.001,0,9,9,11,2
30,140331577656032,0.001,0,9,9,11,2
30,140331577609232,0.001,0,10,10,11,2
30,140331576675008,0.001,0,9,9,11,2
30,140331577669040,0.001,0,9,9,11,2
31,140331577668128,123.94508454490602,0,9,9,11,2
31,140331577668128,123.94508454490602,0,9,9,11,2
31,140331577658192,0.001,0,9,9,11,2
31,140331577299344,58.214115116392065,0,9,9,11,2
31,140331577607888,0.001,0,9,9,11,2
31,140331577658096,0.001,0,9,9,11,2
31,140331577657280,0.001,0,9,9,11,2
31,140331577656608,114.24404774175264,0,9,9,11,2
31,140331577299824,0.001,0,9,9,11,2
31,140331576674192,0.001,0,9,9,11,2
31,140331577323280,0.001,0,9,9,11,2
31,140331577658528,4.987106275535581,0,9,9,11,2
32,140331577668128,123.94508454490602,0,9,9,11,2
32,140331577668128,123.94508454490602,0,9,9,11,2
32,140331577664848,108.68655990112882,0,9,9,11,2
32,140331576776544,0.001,0,9,9,11,2
32,140331577488336,0.001,0,9,9,11,2
32,140331577688128,0.001,0,9,9,11,2
32,140331577422176,0.001,0,9,9,11,2
32,140331576777072,115.19685133918398,0,9,9,11,2
32,140331577434848,123.94508454490602,0,9,9,11,2
32,140331577323968,0.001,0,9,9,11,2
32,140331577424240,0.001,0,9,9,11,2
32,140331576622144,0.001,0,9,9,11,2
33,140331577668128,123.94508454490602,0,9,9,11,2
33,140331577668128,123.94508454490602,0,9,9,11,2
33,140331576776112,0.001,0,10,10,11,2
33,140331577423280,0.001,0,9,9,11,2
33,140331571574624,0.001,0,9,9,11,2
33,140331577656128,72.33371548167682,0,9,9,11,2
33,140331577658672,0.001,0,9,9,11,2
33,140331576622624,108.68655990112882,0,9,9,11,2
33,140331577488720,0.001,0,9,9,11,2
33,140331577487568,0.001,0,9,9,11,2
33,140331577488864,0.001,0,9,9,11,2
33,140331577489632,0.001,0,9,9,11,2
34,140331577668128,108.68655990112882,0,9,9,11,2
34,140331577668128,108.68655990112882,0,9,9,11,2
34,140331577691056,0.001,0,9,9,11,2
34,140331576675008,0.001,0,9,9,11,2
34,140331577688128,0.001,0,9,9,11,2
34,140331576777552,123.94508454490602,0,9,9,11,2
34,140331577609232,0.001,0,9,9,11,2
34,140331577690144,0.001,0,9,9,11,2
34,140331577425344,0.001,0,9,9,11,2
34,140331577657328,41.10524987107277,0,9,9,11,2
34,140331577311824,0.001,0,9,9,11,2
34,140331577690048,0.001,0,9,9,11,2
35,140331576777552,123.94508454490602,0,9,9,11,2
35,140331576777552,123.94508454490602,0,9,9,11,2
35,140331577438160,0.001,0,9,9,11,2
35,140331577436768,133.42252370133934,0,9,9,11,2
35,140331552698768,0.001,0,9,9,11,2
35,140331577312064,74.78140398195367,0,9,9,11,2
35,140331576675392,0.001,0,9,9,11,2
35,140331577436432,0.001,0,9,9,11,2
35,140331571574672,108.68655990112882,0,9,9,11,2
35,140331577434656,108.68655990112882,0,9,9,11,2
35,140331577436384,0.001,0,9,9,11,2
35,140331577435232,0.001,0,9,9,11,2
36,140331577436768,133.42252370133934,0,9,9,11,2
36,140331577436768,133.42252370133934,0,9,9,11,2
36,140331576675008,0.001,0,9,9,11,2
36,140331576775200,0.001,11,11,10,12,2
36,140331577311824,95.47598528679734,0,9,9,11,2
36,140331577604944,98.84651509596313,0,9,9,11,2
36,140331552975216,0.001,0,9,9,11,2
36,140331577424528,116.30710853951777,0,9,9,11,2
36,140331577424240,0.001,0,9,9,11,2
36,140331577671488,129.5568590753833,0,9,9,11,2
36,140331577668944,0.001,0,9,9,11,2
36,140331577604416,108.68655990112882,0,9,9,11,2
37,140331577436768,133.42252370133934,0,9,9,11,2
37,140331577436768,133.42252370133934,0,9,9,11,2
37,140331577727152,0.001,0,10,10,11,2
37,140331577422080,0.001,0,9,9,11,2
37,140331576622480,0.001,0,9,9,11,2
37,140331577321936,92.99855346798978,0,9,9,11,2
37,140331577607168,75.87651921647966,0,9,9,11,2
37,140331577685472,0.001,0,10,10,11,2
37,140331577658192,118.49822346860265,0,9,9,11,2
37,140331577321552,0.001,0,9,9,11,2
37,140331577655888,83.1596887315886,0,9,9,11,2
38,140331577436768,133.42252370133934,0,9,9,11,2
38,140331577436768,133.42252370133934,0,9,9,11,2
38,140331576609760,0.001,0,9,9,11,2
38,140331577425584,0.001,0,9,9,11,2
38,140331576774768,101.50521182187785,0,9,9,11,2
38,140331577691056,95.29947661494276,0,9,9,11,2
38,140331577312832,0.001,0,9,9,11,2
38,140331577671584,0.001,0,9,9,11,2
38,140331577646288,67.4019683131288,0,9,9,11,2
38,140331577667104,0.001,0,9,9,11,2
38,140331577690144,0.001,0,9,9,11,2
38,140331577727968,0.001,0,9,9,11,2
39,140331577436768,133.42252370133934,0,9,9,11,2
39,140331577436768,133.42252370133934,0,9,9,11,2
39,140331577312064,0.001,0,9,9,11,2
39,140331577437728,0.001,0,10,10,11,2
39,140331577322800,0.001,0,9,9,11,2
39,140331577608848,93.16101419853621,0,9,9,11,2
39,140331577739488,0.001,0,9,9,11,2
39,140331577434320,0.001,0,9,9,11,2
39,140331577320304,133.42252370133934,0,9,9,11,2
39,140331577738336,0.001,0,9,9,11,2
39,140331577738384,0.001,0,10,10,11,2
39,140331577737328,0.001,0,9,9,11,2
40,140331577436768,133.42252370133934,0,9,9,11,2
40,140331577436768,133.42252370133934,0,9,9,11,2
40,140331577668128,0.001,0,9,9,11,2
40,140331577657760,0.001,0,9,9,11,2
40,140331577691056,0.001,0,9,9,11,2
40,140331577424240,0.001,0,9,9,11,2
40,140331577655408,0.001,0,9,9,11,2
40,140331577643264,0.001,0,9,9,11,2
40,140331577646624,47.27646347542503,0,9,9,11,2
40,140331577667200,0.001,0,9,9,11,2
40,140331577667104,0.001,0,9,9,11,2
40,140331577737472,0.001,0,9,9,11,2
41,140331577436768,133.42252370133934,0,9,9,11,2
41,140331577436768,133.42252370133934,0,9,9,11,2
41,140331577690768,0.001,0,9,9,11,2
41,140331577223680,133.42252370133934,0,9,9,11,2
41,140331577604944,0.001,0,9,9,11,2
41,140331577434320,0.001,0,9,9,11,2
41,140331576775488,0.001,0,9,9,11,2
41,140331577659344,0.001,0,9,9,11,2
41,140331577320160,55.735498030245736,0,9,9,11,2
41,140331576676160,102.29696346881602,0,9,9,11,2
41,140331577656944,0.001,0,9,9,11,2
41,140331576984672,0.001,0,9,9,11,2
42,140331577436768,133.42252370133934,0,9,9,11,2
42,140331577436768,133.42252370133934,0,9,9,11,2
42,140331577691056,0.001,0,9,9,11,2
42,140331577691488,0.001,0,9,9,11,2
42,140331577299872,0.001,0,10,10,11,2
42,140331577667440,112.64490054849946,0,9,9,11,2
42,140331577326464,0.001,0,10,10,11,2
42,140331577644656,0.001,0,9,9,11,2
42,140331577655408,0.001,12,11,10,12,2
42,140331577737808,88.76206585501671,0,9,9,11,2
42,140331577657136,0.001,0,9,9,11,2
42,140331577646624,0.001,0,9,9,11,2
43,140331577436768,133.42252370133934,0,9,9,11,2
43,140331577436768,133.42252370133934,0,9,9,11,2
43,140331577423280,133.42252370133934,0,9,9,11,2
43,140331577434656,0.001,0,10,10,11,2
43,140331576675536,0.001,0,9,9,11,2
43,140331576622384,0.001,0,9,9,11,2
43,140331577645280,0.001,0,9,9,11,2
43,140331577323280,0.001,0,9,9,11,2
43,140331577313504,0.001,0,9,9,11,2
43,140331577656944,0.001,0,9,9,11,2
43,140331577604944,0.001,0,9,9,11,2
44,140331577436768,133.42252370133934,0,9,9,11,2
44,140331577436768,133.42252370133934,0,9,9,11,2
44,140331577325696,0.001,0,9,9,11,2
44,140331577669520,0.001,0,9,9,11,2
44,140331577425344,0.001,0,10,10,11,2
44,140331577667104,0.001,0,9,9,11,2
44,140331577691488,0.001,0,9,9,11,2
44,140331577688128,0.001,0,10,10,11,2
44,140331577437488,0.001,0,9,9,11,2
44,140331577700704,0.001,0,9,9,11,2
44,140331552973344,133.42252370133934,0,9,9,11,2
44,140331577689424,0.001,0,9,9,11,2
45,140331577436768,133.42252370133934,0,9,9,11,2
45,140331577436768,133.42252370133934,0,9,9,11,2
45,140331577311824,133.42252370133934,0,9,9,11,2
45,140331577320160,0.001,0,9,9,11,2
45,140331576676160,0.001,13,11,10,12,2
45,140331577690768,56.81081367901854,0,9,9,11,2
45,140331577748304,133.42252370133934,0,9,9,11,2
45,140331577602448,0.001,0,9,9,11,2
45,140331577701088,0.001,0,9,9,11,2
45,140331577737568,0.001,0,9,9,11,2
45,140331577488624,0.001,0,9,9,11,2
45,140331577646816,0.001,0,9,9,11,2
46,140331577436768,133.42252370133934,0,9,9,11,2
46,140331577436768,133.42252370133934,0,9,9,11,2
46,140331577667936,0.001,0,9,9,11,2
46,140331577728736,133.42252370133934,0,9,9,11,2
46,140331577646624,0.001,0,9,9,11,2
46,140331577728256,133.42252370133934,0,9,9,11,2
46,140331576609760,0.001,0,9,9,11,2
46,140331577299296,0.001,0,9,9,11,2
46,140331577737808,0.001,0,9,9,11,2
46,140331577701808,0.001,0,9,9,11,2
46,140331576775584,115.83470522142471,0,9,9,11,2
47,140331577436768,133.42252370133934,0,9,9,11,2
47,140331577436768,133.42252370133934,0,9,9,11,2
47,140331577435232,0.001,0,9,9,11,2
47,140331577488384,133.42252370133934,0,9,9,11,2
47,140331577656944,108.09769235018814,0,9,9,11,2
47,140331577274272,0.001,0,9,9,11,2
47,140331577437872,98.71120280265967,0,9,9,11,2
47,140331577434656,0.001,0,9,9,11,2
47,140331577415136,133.42252370133934,0,9,9,11,2
47,140331577646912,133.42252370133934,0,9,9,11,2
47,140331577665232,95.85372674756323,0,9,9,11,2
47,140331577646480,96.44086693646065,0,9,9,11,2
48,140331577436768,133.42252370133934,0,9,9,11,2
48,140331577436768,133.42252370133934,0,9,9,11,2
48,140331577646288,91.06274212716463,0,10,10,11,2
48,140331577299440,0.001,0,9,9,11,2
48,140331577667104,122.42531672184819,0,9,9,11,2
48,140331577425680,0.001,0,9,9,11,2
48,140331577657280,0.001,0,9,9,11,2
48,140331577349696,91.87736345291228,0,9,9,11,2
48,140331577299344,93.59524560608045,0,9,9,11,2
48,140331577604416,0.001,0,9,9,11,2
48,140331577323968,0.001,0,9,9,11,2
48,140331577656080,0.001,0,9,9,11,2
49,140331577436768,133.42252370133934,0,9,9,11,2
49,140331577436768,133.42252370133934,0,9,9,11,2
49,140331577313696,0.001,0,9,9,11,2
49,140331577759008,81.5300878321174,0,9,9,11,2
49,140331577320160,0.001,0,9,9,11,2
49,140331577686480,139.0815745547661,0,9,9,11,2
49,140331577760928,0.001,0,9,9,11,2
49,140331577759968,70.53860658619513,0,9,9,11,2
49,140331577415376,34.29812528967199,0,9,9,11,2
49,140331577748544,0.001,0,9,9,11,2
49,140331577688272,0.001,0,9,9,11,2
49,140331577761168,0.001,0,9,9,11,2
50,140331577686480,139.0815745547661,0,9,9,11,2
50,140331577686480,139.0815745547661,0,9,9,11,2
50,140331576609760,0.001,0,9,9,11,2
50,140331577644656,0.001,0,9,9,11,2
50,140331577757808,107.25111791581855,0,9,9,11,2
50,140331577738384,133.42252370133934,0,9,9,11,2
50,140331577748592,0.001,0,9,9,11,2
50,140331577424384,81.70782837628019,0,9,9,11,2
50,140331577656272,84.21143891129958,0,9,9,11,2
50,140331577604464,0.001,0,9,9,11,2
50,140331577702720,0.001,0,9,9,11,2
50,140331577751344,0.001,0,10,10,11,2
51,140331577686480,139.0815745547661,0,9,9,11,2
51,140331577686480,139.0815745547661,0,9,9,11,2
51,140331576984672,135.93090161666257,0,9,9,11,2
51,140331577748304,139.0815745547661,0,9,9,11,2
51,140331577435664,0.001,0,9,9,11,2
51,140331577666192,116.26450144753883,0,9,9,11,2
51,140331577436768,0.001,0,9,9,11,2
51,140331577738000,116.26450144753883,0,9,9,11,2
51,140331577760928,0.001,0,9,9,11,2
51,140331577656608,105.70288529827505,0,9,9,11,2
51,140331577323280,0.001,0,9,9,11,2
51,140331577490592,0.001,0,9,9,11,2
52,140331577686480,139.0815745547661,0,9,9,11,2
52,140331577686480,139.0815745547661,0,9,9,11,2
52,140331577772304,0.001,0,9,9,11,2
52,140331577773504,139.0815745547661,0,9,9,11,2
52,140331577728256,139.0815745547661,0,9,9,11,2
52,140331577301504,0.001,0,9,9,11,2
52,140331577271968,0.001,0,9,9,11,2
52,140331577350368,0.001,0,9,9,11,2
52,140331577773408,0.001,14,11,10,12,2
52,140331577703920,0.001,0,9,9,11,2
52,140331577758720,139.0815745547661,0,9,9,11,2
52,140331577646528,0.001,0,9,9,11,2
53,140331577686480,139.0815745547661,0,9,9,11,2
53,140331577686480,139.0815745547661,0,9,9,11,2
53,140331576674912,0.001,0,10,10,11,2
53,140331577274272,139.0815745547661,0,9,9,11,2
53,140331577324544,114.64003997172142,0,9,9,11,2
53,140331577655408,76.39167217171558,0,9,9,11,2
53,140331577434320,0.001,0,9,9,11,2
53,140331571574624,139.0815745547661,0,9,9,11,2
53,140331576622624,0.001,0,9,9,11,2
53,140331577646192,0.001,0,9,9,11,2
53,140331577351760,109.00373979752649,0,9,9,11,2
54,140331577686480,139.0815745547661,0,9,9,11,2
54,140331577686480,139.0815745547661,0,9,9,11,2
54,140331577322944,120.0805103456803,0,9,9,11,2
54,140331571575152,0.001,0,9,9,11,2
54,140331577728256,117.88277869241034,0,9,9,11,2
54,140331577758288,30.600863123772683,0,9,9,11,2
54,140331577752544,98.32381211827658,0,9,9,11,2
54,140331577607168,139.0815745547661,0,9,9,11,2
54,140331577299344,139.0815745547661,0,9,9,11,2
54,140331577772208,39.71556345386128,0,9,9,11,2
54,140331577646288,0.001,0,9,9,11,2
54,140331577604464,139.0815745547661,0,9,9,11,2
55,140331577686480,139.0815745547661,0,9,9,11,2
55,140331577686480,139.0815745547661,0,9,9,11,2
55,140331577274272,139.0815745547661,0,9,9,11,2
55,140331577487904,0.001,0,9,9,11,2
55,140331577414512,0.001,0,9,9,11,2
55,140331576622624,0.001,0,9,9,11,2
55,140331576675296,0.001,0,9,9,11,2
55,140331577772640,79.07601703325176,0,9,9,11,2
55,140331577759632,0.001,0,9,9,11,2
55,140331577761168,0.001,0,9,9,11,2
55,140331577737904,0.001,0,9,9,11,2
55,140331577671152,0.001,0,9,9,11,2
56,140331577686480,139.0815745547661,0,9,9,11,2
56,140331577686480,139.0815745547661,0,9,9,11,2
56,140331577657280,0.001,0,9,9,11,2
56,140331577749808,0.001,0,9,9,11,2
56,140331577737808,139.0815745547661,0,9,9,11,2
56,140331577758288,0.001,0,9,9,11,2
56,140331577299440,0.001,0,9,9,11,2
56,140331577685472,139.0815745547661,0,9,9,11,2
56,140331577490304,24.703051840398643,0,9,9,11,2
56,140331577666480,0.001,0,9,9,11,2
56,140331577656080,0.001,0,9,9,11,2
56,140331577667200,0.001,0,9,9,11,2
57,140331577686480,139.0815745547661,0,9,9,11,2
57,140331577686480,139.0815745547661,0,9,9,11,2
57,140331577726624,0.001,0,9,9,11,2
57,140331577750144,95.02906441488852,0,9,9,11,2
57,140331577436432,0.001,0,9,9,11,2
57,140331577299296,0.001,0,9,9,11,2
57,140331577351760,74.8913636190619,0,9,9,11,2
57,140331577703968,0.001,0,9,9,11,2
57,140331577759632,0.001,0,9,9,11,2
57,140331577770144,0.001,0,9,9,11,2
57,140331577753120,139.0815745547661,0,9,9,11,2
57,140331577700416,0.001,0,10,10,11,2
58,140331577686480,139.0815745547661,0,9,9,11,2
58,140331577686480,139.0815745547661,0,9,9,11,2
58,140331577424384,87.35547746427491,0,9,9,11,2
58,140331577415328,111.56045228570355,0,9,9,11,2
58,140331577300784,0.001,0,9,9,11,2
58,140331576674768,0.001,15,11,10,12,2
58,140331577760448,139.0815745547661,0,9,9,11,2
58,140331577751008,0.001,0,9,9,11,2
58,140331577271968,0.001,0,9,9,11,2
58,140331577753408,0.001,0,9,9,11,2
58,140331577740400,67.02916039235885,0,10,10,11,2
58,140331577657280,0.001,0,9,9,11,2
59,140331577686480,139.0815745547661,0,9,9,11,2
59,140331577686480,139.0815745547661,0,9,9,11,2
59,140331577684608,139.0815745547661,0,9,9,11,2
59,140331577313504,0.001,0,9,9,11,2
59,140331577752448,0.001,0,9,9,11,2
59,140331577760304,99.16715636268597,0,9,9,11,2
59,140331577351760,0.001,0,9,9,11,2
59,140331577749568,0.001,0,9,9,11,2
59,140331577749120,0.001,0,9,9,11,2
59,140331577437872,132.77679577490716,0,9,9,11,2
59,140331577641856,0.001,0,9,9,11,2
60,140331577686480,139.0815745547661,0,9,9,11,2
60,140331577686480,139.0815745547661,0,9,9,11,2
60,140331577415808,74.94700293124492,0,9,9,11,2
60,140331577738816,56.689004135092176,0,9,9,11,2
60,140331577751728,0.001,0,9,9,11,2
60,140331577487472,100.99462906584094,0,9,9,11,2
60,140331577739104,0.001,0,9,9,11,2
60,140331577639360,139.0815745547661,0,9,9,11,2
60,140331577416624,0.001,0,9,9,11,2
60,140331577640704,0.001,0,9,9,11,2
60,140331577602448,0.001,0,9,9,11,2
60,140331577702528,139.0815745547661,0,9,9,11,2
61,140331577686480,139.0815745547661,0,9,9,11,2
61,140331577686480,139.0815745547661,0,9,9,11,2
61,140331571574624,0.001,0,10,10,11,2
61,140331577434320,80.8095560413692,0,9,9,11,2
61,140331577667936,139.0815745547661,0,9,9,11,2
61,140331576675008,94.44175670562748,0,9,9,11,2
61,140331576622624,0.001,0,9,9,11,2
61,140331576777072,0.001,0,9,9,11,2
61,140331577750576,139.0815745547661,0,9,9,11,2
61,140331577760928,0.001,0,9,9,11,2
61,140331577772832,139.0815745547661,0,9,9,11,2
61,140331577645424,0.001,0,9,9,11,2
62,140331577686480,139.0815745547661,0,9,9,11,2
62,140331577686480,139.0815745547661,0,9,9,11,2
62,140331577350368,0.001,0,9,9,11,2
62,140331577415808,0.001,0,9,9,11,2
62,140331577415472,0.001,0,9,9,11,2
62,140331552973344,0.001,0,9,9,11,2
62,140331577608848,110.53090537735517,0,9,9,11,2
62,140331576676160,0.001,0,9,9,11,2
62,140331577739200,139.0815745547661,0,9,9,11,2
62,140331577700464,139.0815745547661,0,9,9,11,2
62,140331577752880,116.75503670224134,0,9,9,11,2
62,140331577738960,0.001,0,9,9,11,2
63,140331577686480,139.0815745547661,0,9,9,11,2
63,140331577686480,139.0815745547661,0,9,9,11,2
63,140331576777792,0.001,0,9,9,11,2
63,140331571574624,0.001,0,9,9,11,2
63,140331577770960,0.001,0,10,10,11,2
63,140331577751344,139.0815745547661,0,9,9,11,2
63,140331577435664,0.001,0,9,9,11,2
63,140331577772784,139.0815745547661,0,9,9,11,2
63,140331577324064,0.001,0,9,9,11,2
63,140331577773360,0.001,0,9,9,11,2
63,140331577436432,116.54932180476177,0,10,10,11,2
63,140331577321936,0.001,0,9,9,11,2
64,140331577686480,139.0815745547661,0,9,9,11,2
64,140331577686480,139.0815745547661,0,9,9,11,2
64,140331577277936,0.001,0,9,9,11,2
64,140331577758288,0.001,0,9,9,11,2
64,140331577424384,107.33431389821311,0,9,9,11,2
64,140331576676160,0.001,0,9,9,11,2
64,140331577752880,0.001,0,9,9,11,2
64,140331577271920,0.001,16,11,10,12,2
64,140331577349696,0.001,0,9,9,11,2
64,140331577434656,89.6176027979892,0,9,9,11,2
64,140331577646816,0.001,0,9,9,11,2
64,140331577602448,109.99078794003515,0,9,9,11,2
65,140331577686480,139.0815745547661,0,9,9,11,2
65,140331577686480,139.0815745547661,0,9,9,11,2
65,140331577671152,0.001,0,9,9,11,2
65,140331576619984,0.001,0,9,9,11,2
65,140331577749120,0.001,0,9,9,11,2
65,140331577437872,0.001,0,9,9,11,2
65,140331577772784,0.001,0,9,9,11,2
65,140331577645424,100.36446153422753,0,9,9,11,2
65,140331577750144,0.001,0,9,9,11,2
65,140331577760208,0.001,0,9,9,11,2
65,140331577655696,0.001,0,9,9,11,2
66,140331577686480,139.0815745547661,0,9,9,11,2
66,140331577686480,139.0815745547661,0,9,9,11,2
66,140331576675392,0.001,0,9,9,11,2
66,140331577322800,0.001,0,9,9,11,2
66,140331577761408,0.001,0,9,9,11,2
66,140331577752400,0.001,0,9,9,11,2
66,140331577424384,0.001,0,9,9,11,2
66,140331577758384,72.59251470581728,0,9,9,11,2
66,140331577751728,0.001,0,9,9,11,2
66,140331577738816,104.37270959693672,0,9,9,11,2
66,140331577758288,0.001,0,9,9,11,2
66,140331577749712,0.001,0,9,9,11,2
67,140331577686480,139.0815745547661,0,9,9,11,2
67,140331577686480,139.0815745547661,0,9,9,11,2
67,140331577688272,0.001,0,9,9,11,2
67,140331577422176,0.001,0,9,9,11,2
67,140331577324064,0.001,0,9,9,11,2
67,140331577669520,72.15668089835151,0,9,9,11,2
67,140331577602448,0.001,0,9,9,11,2
67,140331577312688,0.001,0,9,9,11,2
67,140331577671152,0.001,0,9,9,11,2
67,140331577761072,0.001,0,9,9,11,2
67,140331577761168,6.995991609845106,0,9,9,11,2
67,140331577665616,0.001,0,9,9,11,2
68,140331577686480,139.0815745547661,0,9,9,11,2
68,140331577686480,139.0815745547661,0,9,9,11,2
68,140331552698768,116.5671377775787,0,9,9,11,2
68,140331577271104,0.001,0,9,9,11,2
68,140331577665232,0.001,0,9,9,11,2
68,140331577655408,139.0815745547661,0,9,9,11,2
68,140331577301504,0.001,0,9,9,11,2
68,140331577751728,0.001,0,9,9,11,2
68,140331577639312,113.15360831041428,0,9,9,11,2
68,140331577607888,114.93349966884045,0,9,9,11,2
68,140331577759920,0.001,0,10,10,11,2
68,140331552973344,0.001,0,9,9,11,2
69,140331577686480,139.0815745547661,0,9,9,11,2
69,140331577686480,139.0815745547661,0,9,9,11,2
69,140331577425680,82.11506899184943,0,9,9,11,2
69,140331577725568,0.001,0,9,9,11,2
69,140331577320304,0.001,0,9,9,11,2
69,140331577312832,0.001,0,9,9,11,2
69,140331577435328,0.001,0,9,9,11,2
69,140331577657040,0.001,0,9,9,11,2
69,140331577655696,0.001,0,9,9,11,2
69,140331577312688,63.59291611494356,0,9,9,11,2
69,140331577349936,0.001,0,9,9,11,2
69,140331577745952,0.001,0,9,9,11,2
70,140331577686480,139.0815745547661,0,9,9,11,2
70,140331577686480,139.0815745547661,0,9,9,11,2
70,140331577752400,0.001,0,9,9,11,2
70,140331552698768,0.001,0,9,9,11,2
70,140331577607888,0.001,0,9,9,11,2
70,140331577656944,78.49791118470273,0,9,9,11,2
70,140331577758288,0.001,0,9,9,11,2
70,140331577761408,0.001,0,9,9,11,2
70,140331577656272,0.001,0,10,10,11,2
70,140331576676160,46.743789504621276,0,9,9,11,2
70,140331576609760,0.001,0,9,9,11,2
70,140331577312112,81.21299230686833,0,9,9,11,2
71,140331577686480,139.0815745547661,0,9,9,11,2
71,140331577686480,139.0815745547661,0,9,9,11,2
71,140331577725904,92.16950378212863,0,9,9,11,2
71,140331577725568,0.001,0,9,9,11,2
71,140331577490304,0.001,0,9,9,11,2
71,140331577728256,58.19027800253855,0,9,9,11,2
71,140331577349408,0.001,0,9,9,11,2
71,140331577320304,141.7103622651008,0,9,9,11,2
71,140331577748544,0.001,0,9,9,11,2
71,140331577669520,0.001,0,9,9,11,2
71,140331577312688,0.001,0,9,9,11,2
71,140331577349936,82.81727597919374,0,9,9,11,2
72,140331577320304,141.7103622651008,0,9,9,11,2
72,140331577320304,141.7103622651008,0,9,9,11,2
72,140331577435232,0.001,0,9,9,11,2
72,140331576776304,0.001,0,9,9,11,2
72,140331577641856,0.001,0,9,9,11,2
72,140331577607888,0.001,0,9,9,11,2
72,140331577748448,0.001,0,9,9,11,2
72,140331577437104,116.32138878008675,0,9,9,11,2
72,140331577271344,116.75207079539314,0,9,9,11,2
72,140331577320256,119.80453600057808,0,9,9,11,2
72,140331577749904,141.7103622651008,0,9,9,11,2
72,140331577272880,0.001,0,9,9,11,2
73,140331577320304,141.7103622651008,0,9,9,11,2
73,140331577320304,141.7103622651008,0,9,9,11,2
73,140331577276496,0.001,0,9,9,11,2
73,140331577605520,0.001,0,9,9,11,2
73,140331577323088,0.001,0,9,9,11,2
73,140331576777552,0.001,0,9,9,11,2
73,140331577436480,112.09037385620033,0,9,9,11,2
73,140331577726624,0.001,0,9,9,11,2
73,140331576985008,0.001,0,9,9,11,2
73,140331577686480,0.001,0,9,9,11,2
73,140331577725568,0.001,0,9,9,11,2
73,140331577271776,0.001,0,9,9,11,2
74,140331577320304,141.7103622651008,0,9,9,11,2
74,140331577320304,141.7103622651008,0,9,9,11,2
74,140331577422080,0.001,0,10,10,11,2
74,140331576776112,141.7103622651008,0,9,9,11,2
74,140331577604320,0.001,0,9,9,11,2
74,140331577607888,0.001,0,9,9,11,2
74,140331577670000,0.001,0,10,10,11,2
74,140331577738048,0.001,0,9,9,11,2
74,140331577748736,0.001,0,9,9,11,2
74,140331577761408,0.001,0,9,9,11,2
74,140331577759920,0.001,0,9,9,11,2
74,140331577703968,90.20949178914148,0,9,9,11,2
75,140331577320304,141.7103622651008,0,9,9,11,2
75,140331577320304,141.7103622651008,0,9,9,11,2
75,140331577277648,0.001,0,9,9,11,2
75,140331577436480,141.7103622651008,0,9,9,11,2
75,140331577656704,74.64011818743438,0,9,9,11,2
75,140331577671152,0.001,0,9,9,11,2
75,140331577434656,90.30940492282707,0,9,9,11,2
75,140331577271680,0.001,0,9,9,11,2
75,140331577435664,0.001,0,9,9,11,2
75,140331577657328,0.001,0,9,9,11,2
75,140331577691056,0.001,0,9,9,11,2
75,140331577312112,0.001,0,9,9,11,2
76,140331577320304,141.7103622651008,0,9,9,11,2
76,140331577320304,141.7103622651008,0,9,9,11,2
76,140331577749264,0.001,0,9,9,11,2
76,140331577657088,81.98691835666929,0,9,9,11,2
76,140331577322800,103.07405276836477,0,9,9,11,2
76,140331577271104,0.001,0,9,9,11,2
76,140331577642960,0.001,0,9,9,11,2
76,140331577602448,0.001,0,9,9,11,2
76,140331577422080,0.001,17,11,10,12,2
76,140331552973344,59.79878981116815,0,10,10,11,2
76,140331577299296,0.001,0,9,9,11,2
76,140331577761072,0.001,0,9,9,11,2
77,140331577320304,141.7103622651008,0,9,9,11,2
77,140331577320304,141.7103622651008,0,9,9,11,2
77,140331576984240,92.26979670483357,0,9,9,11,2
77,140331577656704,90.13369987483713,0,9,9,11,2
77,140331577277648,0.001,0,9,9,11,2
77,140331576775296,92.02599633520884,0,9,9,11,2
77,140331577684608,0.001,0,9,9,11,2
77,140331577312064,0.001,0,9,9,11,2
77,140331577425680,0.001,0,9,9,11,2
77,140331577312112,0.001,0,9,9,11,2
77,140331577314896,103.07405276836477,0,9,9,11,2
78,140331577320304,141.7103622651008,0,9,9,11,2
78,140331577320304,141.7103622651008,0,9,9,11,2
78,140331577277936,0.001,0,9,9,11,2
78,140331577772256,2.223979755830797,0,9,9,11,2
78,140331576774768,0.001,0,9,9,11,2
78,140331577488624,0.001,0,10,10,11,2
78,140331577749264,0.001,0,9,9,11,2
78,140331577299344,0.001,0,9,9,11,2
78,140331577748448,0.001,0,9,9,11,2
78,140331577641136,0.001,0,9,9,11,2
78,140331577641760,55.269512209613765,0,9,9,11,2
78,140331577640608,0.001,0,9,9,11,2
79,140331577320304,141.7103622651008,0,9,9,11,2
79,140331577320304,141.7103622651008,0,9,9,11,2
79,140331577422176,0.001,0,9,9,11,2
79,140331577726624,101.5943210655281,0,9,9,11,2
79,140331577747104,0.001,0,9,9,11,2
79,140331577437488,0.001,0,9,9,11,2
79,140331577314224,0.001,0,9,9,11,2
79,140331577436480,0.001,0,9,9,11,2
79,140331577312112,0.001,0,9,9,11,2
79,140331576983664,2.223979755830797,0,9,9,11,2
79,140331577300976,93.09907652790582,0,9,9,11,2
79,140331577436432,0.001,0,9,9,11,2
80,140331577320304,141.7103622651008,0,9,9,11,2
80,140331577320304,141.7103622651008,0,9,9,11,2
80,140331577299344,0.001,0,9,9,11,2
80,140331577738528,0.001,0,9,9,11,2
80,140331577748160,0.001,0,9,9,11,2
80,140331577749264,0.001,0,9,9,11,2
80,140331577640560,0.001,0,9,9,11,2
80,140331577740592,0.001,0,9,9,11,2
80,140331577657088,0.001,0,9,9,11,2
80,140331577701280,0.001,0,9,9,11,2
80,140331577642528,0.001,0,9,9,11,2
80,140331577701040,0.001,0,9,9,11,2
81,140331577320304,141.7103622651008,0,9,9,11,2
81,140331577320304,141.7103622651008,0,9,9,11,2
81,140331577274080,0.001,0,9,9,11,2
81,140331577684608,0.001,0,9,9,11,2
81,140331576777552,96.71645408967134,0,9,9,11,2
81,140331577300976,0.001,0,9,9,11,2
81,140331577738384,0.001,0,9,9,11,2
81,140331577436480,139.37646440779332,0,9,9,11,2
81,140331577725568,24.411703691984684,0,10,10,11,2
81,140331552975216,0.001,0,9,9,11,2
81,140331577414128,0.001,18,11,10,12,2
81,140331577323280,0.001,0,9,9,11,2
82,140331577320304,141.7103622651008,0,9,9,11,2
82,140331577320304,141.7103622651008,0,9,9,11,2
82,140331577759728,0.001,0,9,9,11,2
82,140331577772400,0.001,0,9,9,11,2
82,140331577739200,0.001,0,9,9,11,2
82,140331577644656,96.4353859476702,0,9,9,11,2
82,140331577758384,0.001,0,9,9,11,2
82,140331577602448,0.001,0,10,10,11,2
82,140331577660224,0.001,0,9,9,11,2
82,140331577702048,117.70727423367802,0,9,9,11,2
82,140331577660416,139.37646440779332,0,9,9,11,2
83,140331577320304,141.7103622651008,0,9,9,11,2
83,140331577320304,141.7103622651008,0,9,9,11,2
83,140331577725280,0.001,0,9,9,11,2
83,140331577702336,0.001,0,9,9,11,2
83,140331577703008,0.001,0,10,10,11,2
83,140331577313504,0.001,0,9,9,11,2
83,140331577738384,0.001,0,9,9,11,2
83,140331576776112,37.72460211096589,0,9,9,11,2
83,140331577687584,0.001,0,9,9,11,2
83,140331577271680,141.7103622651008,0,9,9,11,2
83,140331577314224,109.41001772452441,0,9,9,11,2
83,140331577324064,0.001,0,9,9,11,2
84,140331577320304,141.7103622651008,0,9,9,11,2
84,140331577320304,141.7103622651008,0,9,9,11,2
84,140331577738336,141.7103622651008,0,9,9,11,2
84,140331576985008,96.75613540870961,0,9,9,11,2
84,140331577737808,0.001,0,9,9,11,2
84,140331577350512,0.001,0,9,9,11,2
84,140331577488768,99.6415623477281,0,10,10,11,2
84,140331577323968,0.001,0,9,9,11,2
84,140331577644656,0.001,0,9,9,11,2
84,140331577759728,141.7103622651008,0,9,9,11,2
84,140331577760448,141.7103622651008,0,9,9,11,2
84,140331577761072,0.001,0,9,9,11,2
85,140331577320304,141.7103622651008,0,9,9,11,2
85,140331577320304,141.7103622651008,0,9,9,11,2
85,140331577738384,0.001,0,9,9,11,2
85,140331577437872,0.001,0,9,9,11,2
85,140331577311728,79.61587079824349,0,9,9,11,2
85,140331577666192,0.001,0,9,9,11,2
85,140331577324544,106.01580782689788,0,9,9,11,2
85,140331577646096,0.001,0,9,9,11,2
85,140331577274272,141.7103622651008,0,9,9,11,2
85,140331577760928,141.7103622651008,0,9,9,11,2
85,140331577642144,0.001,0,9,9,11,2
85,140331576675296,0.001,0,9,9,11,2
86,140331577320304,141.7103622651008,0,9,9,11,2
86,140331577320304,141.7103622651008,0,9,9,11,2
86,140331577299440,0.001,19,11,10,12,2
86,140331576984240,0.001,0,9,9,11,2
86,140331577489440,0.001,0,9,9,11,2
86,140331577645232,141.7103622651008,0,9,9,11,2
86,140331577667200,104.88424857872465,0,9,9,11,2
86,140331577740832,81.57619707741742,0,9,9,11,2
86,140331577737808,0.001,0,9,9,11,2
86,140331577641808,100.47567183807661,0,9,9,11,2
86,140331577350512,0.001,0,9,9,11,2
86,140331577322800,0.001,0,9,9,11,2
87,140331577320304,141.7103622651008,0,9,9,11,2
87,140331577320304,141.7103622651008,0,9,9,11,2
87,140331577422176,77.4086199826393,0,9,9,11,2
87,140331571574624,84.4119572151501,0,9,9,11,2
87,140331576675296,0.001,0,9,9,11,2
87,140331577740976,0.001,0,9,9,11,2
87,140331577300784,141.7103622651008,0,9,9,11,2
87,140331577662384,82.41028241340925,0,9,9,11,2
87,140331577300976,0.001,0,9,9,11,2
87,140331577701952,0.001,0,9,9,11,2
87,140331577750288,0.001,0,9,9,11,2
88,140331577320304,141.7103622651008,0,9,9,11,2
88,140331577320304,141.7103622651008,0,9,9,11,2
88,140331577740592,0.001,0,10,10,11,2
88,140331576619984,76.41966730351703,0,9,9,11,2
88,140331577667200,100.88468798135409,0,9,9,11,2
88,140331577738048,0.001,0,9,9,11,2
88,140331577299872,0.001,0,9,9,11,2
88,140331577757808,0.001,0,9,9,11,2
88,140331577490400,0.001,0,9,9,11,2
88,140331577272112,102.99217908636876,0,9,9,11,2
88,140331577670000,0.001,0,9,9,11,2
88,140331577656272,0.001,0,9,9,11,2
89,140331577320304,141.7103622651008,0,9,9,11,2
89,140331577320304,141.7103622651008,0,9,9,11,2
89,140331577737568,0.001,0,9,9,11,2
89,140331577300784,0.001,0,9,9,11,2
89,140331577423424,0.001,0,9,9,11,2
89,140331577751056,0.001,0,9,9,11,2
89,140331577314224,0.001,0,9,9,11,2
89,140331577725280,0.001,0,9,9,11,2
89,140331576674768,0.001,0,9,9,11,2
89,140331576675296,0.001,0,9,9,11,2
89,140331577669520,0.001,0,9,9,11,2
89,140331577271968,0.001,0,9,9,11,2
90,140331577320304,141.7103622651008,0,9,9,11,2
90,140331577320304,141.7103622651008,0,9,9,11,2
90,140331577772640,0.001,0,10,10,11,2
90,140331577488768,0.001,0,9,9,11,2
90,140331577667536,0.001,0,9,9,11,2
90,140331577271776,0.001,0,10,10,11,2
90,140331577737808,0.001,0,9,9,11,2
90,140331577667200,0.001,0,9,9,11,2
90,140331577349408,0.001,0,10,10,11,2
90,140331577700656,0.001,0,9,9,11,2
90,140331577740832,0.001,0,9,9,11,2
90,140331577757808,0.001,0,9,9,11,2
91,140331577320304,141.7103622651008,0,9,9,11,2
91,140331577320304,141.7103622651008,0,9,9,11,2
91,140331576774912,1.1545239232127358,0,9,9,11,2
91,140331577271344,0.001,0,9,9,11,2
91,140331577659984,0.001,0,9,9,11,2
91,140331577704400,0.001,0,9,9,11,2
91,140331576675920,0.001,0,10,10,11,2
91,140331577738816,141.7103622651008,0,9,9,11,2
91,140331577704112,0.001,0,9,9,11,2
91,140331577751008,0.001,0,9,9,11,2
91,140331577659648,0.001,0,9,9,11,2
91,140331577740496,0.001,0,9,9,11,2
92,140331577320304,141.7103622651008,0,9,9,11,2
92,140331577320304,141.7103622651008,0,9,9,11,2
92,140331577739632,120.12141494481347,0,9,9,11,2
92,140331577665616,0.001,0,9,9,11,2
92,140331577271776,0.001,0,9,9,11,2
92,140331577657328,0.001,0,9,9,11,2
92,140331577656704,0.001,0,9,9,11,2
92,140331577656656,0.001,0,9,9,11,2
92,140331577700656,78.62130739416949,0,9,9,11,2
92,140331577350512,60.0112073218674,0,9,9,11,2
92,140331577667200,0.001,0,9,9,11,2
92,140331577750000,0.001,0,9,9,11,2
93,140331577320304,141.7103622651008,0,9,9,11,2
93,140331577320304,141.7103622651008,0,9,9,11,2
93,140331577704208,0.001,0,10,10,11,2
93,140331577685952,0.001,0,9,9,11,2
93,140331577703968,0.001,0,9,9,11,2
93,140331577737760,0.001,0,9,9,11,2
93,140331577701952,73.38070656134946,0,9,9,11,2
93,140331576675296,0.001,0,9,9,11,2
93,140331577640512,0.001,0,9,9,11,2
93,140331577760400,121.22045857394372,0,9,9,11,2
93,140331577771872,120.12141494481347,0,9,9,11,2
93,140331576675920,0.001,0,9,9,11,2
94,140331577320304,141.7103622651008,0,9,9,11,2
94,140331577320304,141.7103622651008,0,9,9,11,2
94,140331577667536,78.02352292394875,0,9,9,11,2
94,140331577658240,78.31425567367131,0,10,10,11,2
94,140331577656272,0.001,0,9,9,11,2
94,140331576676160,112.5179218093254,0,9,9,11,2
94,140331577323968,141.7103622651008,0,9,9,11,2
94,140331577684608,0.001,0,9,9,11,2
94,140331577270720,0.001,0,9,9,11,2
94,140331577738048,0.001,0,9,9,11,2
94,140331577773408,0.001,0,10,10,11,2
94,140331577771920,0.001,0,9,9,11,2
95,140331577320304,141.7103622651008,0,9,9,11,2
95,140331577320304,141.7103622651008,0,9,9,11,2
95,140331577772064,0.001,0,9,9,11,2
95,140331577324064,141.7103622651008,0,9,9,11,2
95,140331577671152,0.001,0,9,9,11,2
95,140331577758288,0.001,0,9,9,11,2
95,140331577701856,0.001,0,9,9,11,2
95,140331577773216,0.001,0,9,9,11,2
95,140331577702288,121.39620410662289,0,9,9,11,2
95,140331577760208,0.001,0,9,9,11,2
95,140331577663104,108.86538370303734,0,9,9,11,2
95,140331571575152,113.66889358184201,0,9,9,11,2
96,140331577320304,141.7103622651008,0,9,9,11,2
96,140331577320304,141.7103622651008,0,9,9,11,2
96,140331577274080,141.7103622651008,0,9,9,11,2
96,140331577349408,0.001,0,10,10,11,2
96,140331577752976,0.001,0,9,9,11,2
96,140331577270384,0.001,0,9,9,11,2
96,140331577656704,0.001,0,9,9,11,2
96,140331577272112,0.001,0,9,9,11,2
96,140331576619984,0.001,0,9,9,11,2
96,140331577301504,0.001,0,9,9,11,2
96,140331577602448,97.8339081603576,0,9,9,11,2
96,140331577272880,0.001,0,9,9,11,2
97,140331577320304,141.7103622651008,0,9,9,11,2
97,140331577320304,141.7103622651008,0,9,9,11,2
97,140331577691056,0.001,0,9,9,11,2
97,140331577761504,142.46551559120846,0,9,9,11,2
97,140331577772880,0.001,0,9,9,11,2
97,140331577772064,0.001,0,9,9,11,2
97,140331577688272,141.7103622651008,0,9,9,11,2
97,140331577416816,61.51233337649205,0,9,9,11,2
97,140331577313504,64.52274464029131,0,9,9,11,2
97,140331577761168,0.001,0,9,9,11,2
97,140331577660896,111.2893827633107,0,9,9,11,2
97,140331577490208,0.001,0,9,9,11,2
98,140331577761504,142.46551559120846,0,9,9,11,2
98,140331577761504,142.46551559120846,0,9,9,11,2
98,140331577656272,0.001,0,9,9,11,2
98,140331577686480,0.001,0,9,9,11,2
98,140331577770336,118.53760401196772,0,9,9,11,2
98,140331577489104,82.87560869448771,0,9,9,11,2
98,140331577667104,0.001,0,10,10,11,2
98,140331577770864,0.001,0,9,9,11,2
98,140331577299872,0.001,0,9,9,11,2
98,140331577609664,99.9520250220437,0,9,9,11,2
98,140331577738096,0.001,0,9,9,11,2
98,140331577414512,0.001,0,9,9,11,2
99,140331577761504,124.2321917171329,0,9,9,11,2
99,140331577761504,124.2321917171329,0,9,9,11,2
99,140331577691056,0.001,0,9,9,11,2
99,140331577688272,0.001,0,9,9,11,2
99,140331577350704,0.001,0,9,9,11,2
99,140331577657760,0.001,0,9,9,11,2
99,140331577311824,0.001,0,9,9,11,2
99,140331577760400,0.001,0,9,9,11,2
99,140331577314224,0.001,0,9,9,11,2
99,140331577703920,0.001,0,9,9,11,2
99,140331577704256,90.76518957983353,0,9,9,11,2
99,140331577487472,95.58675871148142,0,10,10,11,2
100,140331577761504,124.2321917171329,0,9,9,11,2
100,140331577761504,124.2321917171329,0,9,9,11,2
100,140331577750576,124.2321917171329,0,9,9,11,2
100,140331576619936,0.001,0,9,9,11,2
100,140331577607168,90.77791539592567,0,9,9,11,2
100,140331577276496,0.001,0,9,9,11,2
100,140331577657280,0.001,0,9,9,11,2
100,140331577670000,142.46551559120846,0,9,9,11,2
100,140331577752352,0.001,0,9,9,11,2
100,140331577299344,0.001,0,9,9,11,2
100,140331577737568,0.001,0,9,9,11,2
100,140331577740496,0.001,0,9,9,11,2
101,140331577670000,142.46551559120846,0,9,9,11,2
101,140331577670000,142.46551559120846,0,9,9,11,2
101,140331577415472,0.001,0,9,9,11,2
101,140331577414128,0.001,0,9,9,11,2
101,140331577311728,0.001,0,9,9,11,2
101,140331577416048,82.97849440302207,0,9,9,11,2
101,140331577760400,0.001,0,9,9,11,2
101,140331577320304,0.001,0,9,9,11,2
101,140331577639360,0.001,0,9,9,11,2
101,140331577758288,0.001,0,9,9,11,2
101,140331576675392,0.001,0,9,9,11,2
101,140331577772064,0.001,0,9,9,11,2
102,140331577670000,124.2321917171329,0,9,9,11,2
102,140331577670000,124.2321917171329,0,9,9,11,2
102,140331552973344,0.001,0,9,9,11,2
102,140331577607168,0.001,0,9,9,11,2
102,140331577667344,0.001,0,9,9,11,2
102,140331577415376,0.001,0,9,9,11,2
102,140331576619936,0.001,0,9,9,11,2
102,140331577687584,0.001,0,9,9,11,2
102,140331577686480,0.001,0,9,9,11,2
102,140331577737808,107.36457686901366,0,9,9,11,2
102,140331577738816,0.001,0,9,9,11,2
102,140331577771104,0.001,0,9,9,11,2
103,140331577670000,142.46551559120846,0,9,9,11,2
103,140331577670000,142.46551559120846,0,9,9,11,2
103,140331577320304,0.001,0,9,9,11,2
103,140331577661904,0.001,0,9,9,11,2
103,140331577740592,0.001,0,9,9,11,2
103,140331577487952,93.91452598374599,0,9,9,11,2
103,140331577314896,0.001,0,9,9,11,2
103,140331577639600,0.001,0,9,9,11,2
103,140331577417248,115.40486111790372,0,9,9,11,2
103,140331577661424,0.001,0,9,9,11,2
103,140331577416048,124.2321917171329,0,9,9,11,2
103,140331577659456,0.001,0,9,9,11,2
104,140331577670000,124.2321917171329,0,9,9,11,2
104,140331577670000,124.2321917171329,0,9,9,11,2
104,140331576675536,124.2321917171329,0,9,9,11,2
104,140331577487424,142.46551559120846,0,9,9,11,2
104,140331576675008,0.001,0,9,9,11,2
104,140331577489728,0.001,0,9,9,11,2
104,140331577488528,124.2321917171329,0,9,9,11,2
104,140331577301504,72.82497200067985,0,9,9,11,2
104,140331577663296,142.46551559120846,0,9,9,11,2
104,140331577490304,0.001,0,9,9,11,2
104,140331577270720,142.46551559120846,0,9,9,11,2
104,140331577662096,0.001,0,9,9,11,2
105,140331577487424,124.2321917171329,0,9,9,11,2
105,140331577487424,124.2321917171329,0,9,9,11,2
105,140331577745616,0.001,0,9,9,11,2
105,140331577416816,0.001,0,9,9,11,2
105,140331577703728,0.001,0,9,9,11,2
105,140331577657328,124.2321917171329,0,9,9,11,2
105,140331577642864,0.001,0,9,9,11,2
105,140331577750576,0.001,0,9,9,11,2
105,140331577750288,0.001,0,9,9,11,2
105,140331577691056,0.001,0,9,9,11,2
105,140331577488288,0.001,0,9,9,11,2
105,140331577488000,0.001,0,9,9,11,2
106,140331577487424,142.46551559120846,0,9,9,11,2
106,140331577487424,142.46551559120846,0,9,9,11,2
106,140331577488384,0.001,0,9,9,11,2
106,140331577704064,0.001,0,9,9,11,2
106,140331577299344,0.001,0,9,9,11,2
106,140331577487904,0.001,0,10,10,11,2
106,140331577488768,0.001,0,9,9,11,2
106,140331576619936,0.001,0,9,9,11,2
106,140331577751200,0.001,0,9,9,11,2
106,140331577641712,0.001,0,9,9,11,2
106,140331577271008,0.001,0,9,9,11,2
106,140331577487472,0.001,0,9,9,11,2
107,140331577487424,124.2321917171329,0,9,9,11,2
107,140331577487424,124.2321917171329,0,9,9,11,2
107,140331577666528,0.001,0,9,9,11,2
107,140331577703920,0.001,0,9,9,11,2
107,140331577760736,0.001,0,9,9,11,2
107,140331576775296,0.001,0,9,9,11,2
107,140331577656608,0.001,0,9,9,11,2
107,140331577489440,142.46551559120846,0,9,9,11,2
107,140331577323776,0.001,0,9,9,11,2
107,140331577747776,112.06764590546328,0,9,9,11,2
107,140331577414128,0.001,0,9,9,11,2
107,140331577773552,0.001,0,9,9,11,2
108,140331577489440,142.46551559120846,0,9,9,11,2
108,140331577489440,142.46551559120846,0,9,9,11,2
108,140331577270384,0.001,0,9,9,11,2
108,140331577271008,0.001,0,9,9,11,2
108,140331577272064,124.2321917171329,0,9,9,11,2
108,140331576619936,0.001,0,9,9,11,2
108,140331577271968,0.001,0,9,9,11,2
108,140331577271776,142.46551559120846,0,9,9,11,2
108,140331577489104,103.92600573251659,0,9,9,11,2
108,140331577770432,0.001,0,9,9,11,2
108,140331552973344,59.07651749555981,0,9,9,11,2
108,140331577490304,1.9032345515187217,0,9,9,11,2
109,140331577489440,124.2321917171329,0,9,9,11,2
109,140331577489440,124.2321917171329,0,9,9,11,2
109,140331577607168,0.001,0,9,9,11,2
109,140331576676160,0.001,0,9,9,11,2
109,140331577349408,114.50517142304852,0,9,9,11,2
109,140331577773216,0.001,0,9,9,11,2
109,140331577489248,0.001,0,9,9,11,2
109,140331576622624,38.09228091385211,0,9,9,11,2
109,140331577772640,142.46551559120846,0,9,9,11,2
109,140331577725568,0.001,0,9,9,11,2
109,140331577761504,64.6493331062357,0,9,9,11,2
109,140331577757808,115.24295696371647,20,11,10,12,2
110,140331577772640,124.2321917171329,0,9,9,11,2
110,140331577772640,124.2321917171329,0,9,9,11,2
110,140331577271968,0.001,0,10,10,11,2
110,140331577271104,0.001,0,9,9,11,2
110,140331577350512,0.001,0,9,9,11,2
110,140331577757808,115.24295696371647,20,11,10,12,2
110,140331577272880,0.001,20,11,10,12,2
110,140331577739200,0.001,20,11,10,12,2
110,140331577661568,0.001,20,11,10,12,2
110,140331577666720,0.001,20,11,10,12,2
110,140331577661616,0.001,20,11,10,12,2
110,140331577725280,0.001,20,11,10,12,2
111,140331577772640,142.46551559120846,0,9,9,11,2
111,140331577772640,142.46551559120846,0,9,9,11,2
111,140331576984672,0.001,0,10,10,11,2
111,140331576985824,0.001,0,9,9,11,2
111,140331577760400,0.001,0,9,9,11,2
111,140331577760448,0.001,0,10,10,11,2
111,140331577753360,0.001,0,9,9,11,2
111,140331577750240,0.001,0,9,9,11,2
111,140331577749616,80.27203326692006,0,9,9,11,2
111,140331577770912,0.001,20,11,10,12,2
111,140331577771392,0.001,20,11,10,12,2
112,140331577772640,124.2321917171329,0,9,9,11,2
112,140331577772640,124.2321917171329,0,9,9,11,2
112,140331576619936,0.001,0,9,9,11,2
112,140331577608848,133.61168954082933,0,9,9,11,2
112,140331577272880,0.001,0,9,9,11,2
112,140331577761168,0.001,0,9,9,11,2
112,140331577645712,0.001,0,9,9,11,2
112,140331577738336,0.001,0,9,9,11,2
112,140331577760688,135.0349378197731,0,9,9,11,2
112,140331577640752,0.001,0,10,10,11,2
112,140331577271008,0.001,0,9,9,11,2
113,140331577760688,135.0349378197731,0,9,9,11,2
113,140331577760688,135.0349378197731,0,9,9,11,2
113,140331576619984,0.001,0,9,9,11,2
113,140331577671152,0.001,0,9,9,11,2
113,140331577607168,0.001,0,9,9,11,2
113,140331577688272,124.2321917171329,0,9,9,11,2
113,140331577299440,0.001,0,9,9,11,2
113,140331577758384,0.001,0,9,9,11,2
113,140331577759632,133.81189230310315,0,9,9,11,2
113,140331577750096,0.001,0,9,9,11,2
113,140331577639888,0.001,0,9,9,11,2
113,140331577751008,124.2321917171329,0,9,9,11,2
114,140331577760688,135.0349378197731,0,9,9,11,2
114,140331577760688,135.0349378197731,0,9,9,11,2
114,140331577752160,0.001,0,9,9,11,2
114,140331577670000,0.001,0,9,9,11,2
114,140331577435664,0.001,0,9,9,11,2
114,140331577609472,0.001,0,9,9,11,2
114,140331577737568,0.001,0,9,9,11,2
114,140331577270432,0.001,0,9,9,11,2
114,140331577272880,0.001,0,9,9,11,2
114,140331577760304,0.001,0,9,9,11,2
114,140331577772736,72.14824327624717,0,9,9,11,2
114,140331577271104,78.22181757390535,0,9,9,11,2
115,140331577760688,134.68351777609985,0,9,9,11,2
115,140331577760688,134.68351777609985,0,9,9,11,2
115,140331577488000,0.001,0,9,9,11,2
115,140331577489440,0.001,0,9,9,11,2
115,140331577663296,0.001,0,9,9,11,2
115,140331577299440,0.001,0,9,9,11,2
115,140331577772400,3.812734339723761,0,9,9,11,2
115,140331577350704,111.80452081815048,0,9,9,11,2
115,140331577772112,0.001,0,9,9,11,2
115,140331576985824,0.001,0,9,9,11,2
115,140331577671152,0.001,0,9,9,11,2
115,140331576984672,0.001,0,9,9,11,2
116,140331577760688,135.0349378197731,0,9,9,11,2
116,140331577760688,135.0349378197731,0,9,9,11,2
116,140331577348592,0.001,0,9,9,11,2
116,140331577738000,0.001,0,9,9,11,2
116,140331552975216,0.001,0,9,9,11,2
116,140331577700560,0.001,0,9,9,11,2
116,140331576776112,0.001,0,9,9,11,2
116,140331577349696,0.001,0,9,9,11,2
116,140331577350512,0.001,0,9,9,11,2
116,140331577726624,58.92621058884595,0,9,9,11,2
116,140331577669520,0.001,0,9,9,11,2
116,140331576622384,0.001,0,9,9,11,2
117,140331577760688,135.0349378197731,0,9,9,11,2
117,140331577760688,135.0349378197731,0,9,9,11,2
117,140331576774912,0.001,0,9,9,11,2
117,140331576777552,0.001,0,9,9,11,2
117,140331576984672,0.001,0,9,9,11,2
117,140331577661616,0.001,0,9,9,11,2
117,140331577688272,129.94884604778701,0,9,9,11,2
117,140331576774768,0.001,0,9,9,11,2
117,140331577639552,0.001,0,9,9,11,2
117,140331577685472,0.001,0,9,9,11,2
117,140331577311728,0.001,0,9,9,11,2
117,140331577415376,0.001,0,9,9,11,2
118,140331577760688,135.0349378197731,0,9,9,11,2
118,140331577760688,135.0349378197731,0,9,9,11,2
118,140331577350512,0.001,0,10,10,11,2
118,140331576777792,0.001,0,9,9,11,2
118,140331577641952,43.22032387570766,0,9,9,11,2
118,140331577325696,140.55865868446537,0,9,9,11,2
118,140331576983664,0.001,0,9,9,11,2
118,140331577609472,134.68351777609985,0,9,9,11,2
118,140331577604416,80.61041644928287,0,9,9,11,2
118,140331577608848,0.001,0,9,9,11,2
118,140331577761408,0.001,0,9,9,11,2
118,140331577300976,0.001,0,9,9,11,2
119,140331577325696,134.4647771918841,0,9,9,11,2
119,140331577325696,134.4647771918841,0,9,9,11,2
119,140331576775296,0.001,0,9,9,11,2
119,140331577639552,0.001,0,10,10,11,2
119,140331576776304,0.001,0,9,9,11,2
119,140331577655408,0.001,0,9,9,11,2
119,140331577489440,0.001,0,9,9,11,2
119,140331576622624,0.001,0,9,9,11,2
119,140331577271008,0.001,0,9,9,11,2
119,140331576984672,0.001,0,9,9,11,2
119,140331577667936,0.001,0,9,9,11,2
119,140331577322800,0.001,0,9,9,11,2
120,140331577325696,140.55865868446537,0,9,9,11,2
120,140331577325696,140.55865868446537,0,9,9,11,2
120,140331577739632,0.001,0,9,9,11,2
120,140331577737568,0.001,0,10,10,11,2
120,140331576622384,0.001,0,9,9,11,2
120,140331577727584,0.001,21,11,10,12,2
120,140331577641376,0.001,0,10,10,11,2
120,140331577270432,0.001,0,9,9,11,2
120,140331577656944,0.001,0,10,10,11,2
120,140331577642384,16.786859868382436,0,9,9,11,2
120,140331577491360,0.001,0,9,9,11,2
120,140331577425680,0.001,0,9,9,11,2
121,140331577325696,134.4647771918841,0,9,9,11,2
121,140331577325696,134.4647771918841,0,9,9,11,2
121,140331577604320,110.90135354241048,0,9,9,11,2
121,140331577277648,0.001,0,9,9,11,2
121,140331577415136,140.55865868446537,0,9,9,11,2
121,140331577277936,0.001,0,9,9,11,2
121,140331576675536,0.001,0,9,9,11,2
121,140331576984672,90.55783385424417,0,9,9,11,2
121,140331577642240,0.001,0,9,9,11,2
121,140331577416816,140.55865868446537,0,9,9,11,2
121,140331577639552,0.001,0,9,9,11,2
122,140331577415136,140.55865868446537,0,9,9,11,2
122,140331577415136,140.55865868446537,0,9,9,11,2
122,140331577417392,134.4647771918841,0,9,9,11,2
122,140331577323088,0.001,0,9,9,11,2
122,140331577272112,0.001,0,9,9,11,2
122,140331577608848,140.55865868446537,0,9,9,11,2
122,140331577685952,0.001,0,9,9,11,2
122,140331577324064,0.001,0,9,9,11,2
122,140331577416624,140.55865868446537,0,9,9,11,2
122,140331577324544,102.58998887228188,0,9,9,11,2
122,140331577323968,134.4647771918841,0,9,9,11,2
122,140331577759008,0.001,0,9,9,11,2
123,140331577415136,140.55865868446537,0,9,9,11,2
123,140331577415136,140.55865868446537,0,9,9,11,2
123,140331577299296,134.4647771918841,0,9,9,11,2
123,140331577688272,106.93080851067538,0,9,9,11,2
123,140331577751248,0.001,0,9,9,11,2
123,140331577752448,134.4647771918841,0,9,9,11,2
123,140331577434704,0.001,0,9,9,11,2
123,140331577323280,0.001,0,9,9,11,2
123,140331577639648,0.001,0,9,9,11,2
123,140331576675008,0.001,0,9,9,11,2
123,140331577320304,0.001,0,9,9,11,2
123,140331576983664,0.001,0,9,9,11,2
124,140331577415136,140.55865868446537,0,9,9,11,2
124,140331577415136,140.55865868446537,0,9,9,11,2
124,140331577666720,0.001,0,9,9,11,2
124,140331576619984,0.001,0,9,9,11,2
124,140331577324064,0.001,0,9,9,11,2
124,140331577272880,0.001,0,9,9,11,2
124,140331577685952,134.4647771918841,0,9,9,11,2
124,140331577417392,0.001,0,9,9,11,2
124,140331577773504,134.4647771918841,0,9,9,11,2
124,140331577272112,140.55865868446537,0,9,9,11,2
124,140331577759920,89.90548414855499,0,9,9,11,2
124,140331577312112,0.001,0,9,9,11,2
125,140331577415136,134.4647771918841,0,9,9,11,2
125,140331577415136,134.4647771918841,0,9,9,11,2
125,140331576983664,0.001,0,9,9,11,2
125,140331577351760,0.001,0,9,9,11,2
125,140331577726624,0.001,0,9,9,11,2
125,140331577348592,0.001,0,10,10,11,2
125,140331577655408,0.001,0,9,9,11,2
125,140331577745952,14.021039386151472,0,9,9,11,2
125,140331577639312,0.001,0,9,9,11,2
125,140331577350512,140.55865868446537,0,9,9,11,2
125,140331577434320,0.001,0,9,9,11,2
125,140331577415472,0.001,22,11,10,12,2
126,140331577350512,140.55865868446537,0,9,9,11,2
126,140331577350512,140.55865868446537,0,9,9,11,2
126,140331577656272,134.4647771918841,0,9,9,11,2
126,140331577323968,0.001,0,9,9,11,2
126,140331577657952,134.4647771918841,0,9,9,11,2
126,140331577666720,0.001,0,9,9,11,2
126,140331577349696,0.001,0,9,9,11,2
126,140331577747104,0.001,0,9,9,11,2
126,140331571574672,112.73660475699626,0,9,9,11,2
126,140331577657040,0.001,0,9,9,11,2
126,140331577312832,0.001,0,9,9,11,2
127,140331577350512,140.55865868446537,0,9,9,11,2
127,140331577350512,140.55865868446537,0,9,9,11,2
127,140331577669520,0.001,0,9,9,11,2
127,140331577605520,0.001,0,9,9,11,2
127,140331577751008,0.001,0,9,9,11,2
127,140331577323280,0.001,0,9,9,11,2
127,140331577727968,0.001,0,9,9,11,2
127,140331577684032,134.42672893312022,0,9,9,11,2
127,140331577745952,82.69445265793246,0,9,9,11,2
127,140331577747056,96.56279721583644,0,10,10,11,2
127,140331577773552,140.55865868446537,0,9,9,11,2
127,140331577758720,126.54930367076753,0,9,9,11,2
128,140331577350512,134.4647771918841,0,9,9,11,2
128,140331577350512,134.4647771918841,0,9,9,11,2
128,140331577685952,0.001,0,9,9,11,2
128,140331577639600,108.85416899555429,0,9,9,11,2
128,140331577642432,134.4647771918841,0,9,9,11,2
128,140331577759920,0.001,0,9,9,11,2
128,140331577425680,134.4647771918841,0,9,9,11,2
128,140331577641376,0.001,0,9,9,11,2
128,140331577417248,0.001,0,9,9,11,2
128,140331577738384,0.001,0,9,9,11,2
128,140331577759008,0.001,0,9,9,11,2
128,140331577276496,0.001,0,9,9,11,2
129,140331577350512,140.55865868446537,0,9,9,11,2
129,140331577350512,140.55865868446537,0,9,9,11,2
129,140331577728640,0.001,0,9,9,11,2
129,140331577642672,134.4647771918841,0,9,9,11,2
129,140331577684032,120.34312658533202,0,9,9,11,2
129,140331576985008,140.55865868446537,0,9,9,11,2
129,140331577604320,0.001,0,9,9,11,2
129,140331577642192,0.001,0,9,9,11,2
129,140331577684608,105.06897966527163,0,9,9,11,2
129,140331577750000,0.001,0,9,9,11,2
129,140331577686480,0.001,0,9,9,11,2
129,140331577750288,134.4647771918841,0,9,9,11,2
130,140331577350512,134.4647771918841,0,9,9,11,2
130,140331577350512,134.4647771918841,0,9,9,11,2
130,140331577639168,0.001,0,9,9,11,2
130,140331577641616,0.001,0,9,9,11,2
130,140331577640176,106.22181850569916,0,9,9,11,2
130,140331577773744,0.001,0,9,9,11,2
130,140331577641328,0.001,0,9,9,11,2
130,140331577751728,0.001,0,9,9,11,2
130,140331577414128,112.16294533076109,0,9,9,11,2
130,140331577760592,140.55865868446537,0,9,9,11,2
130,140331577324544,0.001,0,10,10,11,2
130,140331577750960,0.001,23,11,10,12,2
131,140331577760592,140.55865868446537,0,9,9,11,2
131,140331577760592,140.55865868446537,0,9,9,11,2
131,140331576609760,0.001,0,9,9,11,2
131,140331577726624,0.001,0,9,9,11,2
131,140331577320304,59.275138453843,0,9,9,11,2
131,140331577349408,0.001,0,9,9,11,2
131,140331577656704,0.001,0,10,10,11,2
131,140331552975216,0.001,0,9,9,11,2
131,140331577753168,0.001,0,9,9,11,2
131,140331577277936,134.4647771918841,0,9,9,11,2
131,140331577773312,0.001,0,10,10,11,2
132,140331577760592,140.55865868446537,0,9,9,11,2
132,140331577760592,140.55865868446537,0,9,9,11,2
132,140331577350512,0.001,0,9,9,11,2
132,140331577691056,1.5003616161443034,0,9,9,11,2
132,140331577324544,0.001,0,9,9,11,2
132,140331577760928,0.001,0,9,9,11,2
132,140331576675536,140.55865868446537,0,9,9,11,2
132,140331577657280,0.001,0,9,9,11,2
132,140331577436432,24.938582522543328,0,9,9,11,2
132,140331577751728,0.001,0,9,9,11,2
132,140331577748736,140.55865868446537,0,9,9,11,2
132,140331577659696,59.275138453843,0,9,9,11,2
133,140331577760592,134.4647771918841,0,9,9,11,2
133,140331577760592,134.4647771918841,0,9,9,11,2
133,140331577607888,0.001,0,9,9,11,2
133,140331552975216,140.55865868446537,0,9,9,11,2
133,140331577684032,134.4647771918841,0,9,9,11,2
133,140331577703104,0.001,0,10,10,11,2
133,140331577277648,0.001,24,11,10,12,2
133,140331577656704,134.4647771918841,0,9,9,11,2
133,140331577320256,140.55865868446537,0,9,9,11,2
133,140331577688272,140.55865868446537,0,9,9,11,2
133,140331577312688,0.001,0,9,9,11,2
133,140331577703488,0.001,0,9,9,11,2
134,140331552975216,140.55865868446537,0,9,9,11,2
134,140331552975216,140.55865868446537,0,9,9,11,2
134,140331577602448,0.001,0,9,9,11,2
134,140331577276496,0.001,0,9,9,11,2
134,140331577415568,0.001,0,9,9,11,2
134,140331577609472,134.4647771918841,0,9,9,11,2
134,140331577660464,140.55865868446537,0,9,9,11,2
134,140331577311488,0.001,0,9,9,11,2
134,140331577773168,105.54122788798028,0,9,9,11,2
134,140331577760160,0.001,0,9,9,11,2
134,140331577760928,126.40064801401527,0,9,9,11,2
135,140331552975216,134.4647771918841,0,9,9,11,2
135,140331552975216,134.4647771918841,0,9,9,11,2
135,140331577348592,36.29611387206302,0,10,10,11,2
135,140331577415136,0.001,0,9,9,11,2
135,140331577320304,0.001,0,9,9,11,2
135,140331577691872,0.001,0,9,9,11,2
135,140331577757952,0.001,0,9,9,11,2
135,140331577274080,90.31828918688154,0,9,9,11,2
135,140331577752880,140.55865868446537,0,9,9,11,2
135,140331577425680,0.001,0,9,9,11,2
135,140331577739872,80.9525758878608,0,9,9,11,2
135,140331577740592,0.001,0,9,9,11,2
136,140331577752880,134.4647771918841,0,9,9,11,2
136,140331577752880,134.4647771918841,0,9,9,11,2
136,140331577416384,0.001,0,9,9,11,2
136,140331577773936,0.001,0,9,9,11,2
136,140331577350704,120.93180110980495,0,9,9,11,2
136,140331577771536,0.001,0,10,10,11,2
136,140331577771584,0.001,0,9,9,11,2
136,140331577745952,102.62825620203057,0,9,9,11,2
136,140331577323280,63.51269935150049,0,10,10,11,2
136,140331577604464,0.001,0,9,9,11,2
136,140331577314224,0.001,0,9,9,11,2
136,140331577771488,0.001,0,9,9,11,2
137,140331577752880,140.55865868446537,0,9,9,11,2
137,140331577752880,140.55865868446537,0,9,9,11,2
137,140331577299872,0.001,0,9,9,11,2
137,140331577760592,0.001,0,9,9,11,2
137,140331577435328,0.001,0,9,9,11,2
137,140331577772064,134.4647771918841,0,9,9,11,2
137,140331577749264,91.84863319821301,0,9,9,11,2
137,140331577270384,0.001,0,9,9,11,2
137,140331577667200,0.001,0,9,9,11,2
137,140331576622384,0.001,0,9,9,11,2
137,140331577750096,86.60792062059696,0,9,9,11,2
137,140331576674912,120.96077986616964,0,9,9,11,2
138,140331577752880,134.4647771918841,0,9,9,11,2
138,140331577752880,134.4647771918841,0,9,9,11,2
138,140331577276496,0.001,0,9,9,11,2
138,140331577666720,120.96077986616964,0,9,9,11,2
138,140331552698768,0.001,25,11,10,12,2
138,140331577490592,0.001,0,9,9,11,2
138,140331577313504,90.91995089390855,0,9,9,11,2
138,140331576674768,91.86980501296355,0,9,9,11,2
138,140331576777072,0.001,0,9,9,11,2
138,140331577745952,140.55865868446537,0,9,9,11,2
138,140331577609472,0.001,0,9,9,11,2
138,140331577747776,0.001,0,9,9,11,2
139,140331577745952,134.4647771918841,0,9,9,11,2
139,140331577745952,134.4647771918841,0,9,9,11,2
139,140331576622384,0.001,0,9,9,11,2
139,140331576676160,0.001,0,9,9,11,2
139,140331577609664,120.96077986616964,0,9,9,11,2
139,140331577422176,0.001,0,9,9,11,2
139,140331577436432,65.40346332375981,0,9,9,11,2
139,140331577752160,0.001,0,9,9,11,2
139,140331577422080,89.08375025736032,0,9,9,11,2
139,140331577748736,0.001,0,9,9,11,2
139,140331577605520,103.46712425933913,0,9,9,11,2
140,140331577745952,140.55865868446537,0,9,9,11,2
140,140331577745952,140.55865868446537,0,9,9,11,2
140,140331577747776,103.46712425933913,0,9,9,11,2
140,140331577608848,0.001,0,9,9,11,2
140,140331577645424,134.4647771918841,0,9,9,11,2
140,140331576619936,72.84917619700056,0,9,9,11,2
140,140331577350704,0.001,0,9,9,11,2
140,140331577772208,0.001,0,9,9,11,2
140,140331577314224,120.96077986616964,0,9,9,11,2
140,140331577490832,0.001,0,9,9,11,2
140,140331577489920,0.001,0,9,9,11,2
140,140331577313504,0.001,0,9,9,11,2
141,140331577745952,140.55865868446537,0,9,9,11,2
141,140331577745952,140.55865868446537,0,9,9,11,2
141,140331577691872,0.001,26,11,10,12,2
141,140331577727968,134.4647771918841,0,9,9,11,2
141,140331577604320,0.001,0,9,9,11,2
141,140331576674912,0.001,0,9,9,11,2
141,140331577725568,0.001,0,9,9,11,2
141,140331577320256,134.4710225365335,0,9,9,11,2
141,140331577703008,120.96077986616964,0,9,9,11,2
141,140331577665616,0.001,0,9,9,11,2
141,140331577436768,134.4647771918841,0,9,9,11,2
141,140331577323088,0.001,0,9,9,11,2
142,140331577745952,134.4647771918841,0,9,9,11,2
142,140331577745952,134.4647771918841,0,9,9,11,2
142,140331577490832,0.001,0,9,9,11,2
142,140331576775296,0.001,0,9,9,11,2
142,140331576774912,0.001,0,9,9,11,2
142,140331577728640,0.001,0,9,9,11,2
142,140331577771200,0.001,0,9,9,11,2
142,140331577646096,0.001,0,9,9,11,2
142,140331577772304,140.56246344050805,0,9,9,11,2
142,140331577300784,119.73194674208702,0,9,9,11,2
142,140331577271344,0.001,0,9,9,11,2
143,140331577772304,140.56246344050805,0,9,9,11,2
143,140331577772304,140.56246344050805,0,9,9,11,2
143,140331576983664,0.001,0,9,9,11,2
143,140331576676160,124.64174407522674,0,9,9,11,2
143,140331576675008,88.18669193413538,0,9,9,11,2
143,140331577434320,134.4710225365335,0,9,9,11,2
143,140331577752256,0.001,0,9,9,11,2
143,140331577773312,59.538807678114836,0,9,9,11,2
143,140331577424384,99.4211964889966,0,9,9,11,2
143,140331577665616,134.4710225365335,0,9,9,11,2
143,140331577760592,0.001,0,10,10,11,2
143,140331577757952,0.001,0,9,9,11,2
144,140331577772304,140.56246344050805,0,9,9,11,2
144,140331577772304,140.56246344050805,0,9,9,11,2
144,140331577727584,0.001,0,9,9,11,2
144,140331577320208,77.1393248437019,0,9,9,11,2
144,140331577434224,0.001,0,9,9,11,2
144,140331577437104,0.001,0,9,9,11,2
144,140331577488288,99.16139099589941,0,9,9,11,2
144,140331577773888,0.001,0,9,9,11,2
144,140331577270432,0.001,0,9,9,11,2
144,140331576777072,0.001,0,10,10,11,2
144,140331576675392,0.001,0,9,9,11,2
144,140331577662000,93.85169424108699,0,9,9,11,2
145,140331577772304,134.4710225365335,0,9,9,11,2
145,140331577772304,134.4710225365335,0,9,9,11,2
145,140331576675920,0.001,0,9,9,11,2
145,140331577320256,0.001,0,9,9,11,2
145,140331577435664,0.001,0,9,9,11,2
145,140331577725568,0.001,0,9,9,11,2
145,140331577272880,0.001,0,9,9,11,2
145,140331576622624,0.001,0,9,9,11,2
145,140331577639120,0.001,0,10,10,11,2
145,140331577771248,0.001,0,9,9,11,2
145,140331577437872,0.001,0,9,9,11,2
145,140331577702672,0.001,0,9,9,11,2
146,140331577772304,140.56246344050805,0,9,9,11,2
146,140331577772304,140.56246344050805,0,9,9,11,2
146,140331577416816,0.001,0,9,9,11,2
146,140331576777792,0.001,0,9,9,11,2
146,140331577659984,0.001,0,9,9,11,2
146,140331576675296,95.24225266233111,0,9,9,11,2
146,140331577348592,0.001,0,9,9,11,2
146,140331577745952,0.001,0,9,9,11,2
146,140331577758288,0.001,0,9,9,11,2
146,140331577750624,76.90116214086612,0,9,9,11,2
146,140331576775296,0.001,0,9,9,11,2
146,140331577639360,0.001,0,9,9,11,2
147,140331577772304,134.4710225365335,0,9,9,11,2
147,140331577772304,134.4710225365335,0,9,9,11,2
147,140331577415568,74.2027257396793,0,9,9,11,2
147,140331577272112,0.001,0,9,9,11,2
147,140331577323088,78.88168422215713,0,9,9,11,2
147,140331577750000,74.75158515410729,0,9,9,11,2
147,140331577752160,0.001,0,9,9,11,2
147,140331577727968,0.001,0,9,9,11,2
147,140331577725568,0.001,0,10,10,11,2
147,140331577435328,52.035366675472574,0,9,9,11,2
147,140331577749616,0.001,0,9,9,11,2
147,140331577489104,95.24225266233111,0,9,9,11,2
148,140331577772304,140.56246344050805,0,9,9,11,2
148,140331577772304,140.56246344050805,0,9,9,11,2
148,140331577321936,0.001,0,9,9,11,2
148,140331577322944,0.001,0,9,9,11,2
148,140331577750624,0.001,0,9,9,11,2
148,140331577320208,86.08811889188559,0,9,9,11,2
148,140331577274272,140.56246344050805,0,9,9,11,2
148,140331577645616,95.24225266233111,0,9,9,11,2
148,140331577437488,101.25311495848212,0,9,9,11,2
148,140331577761072,0.001,0,9,9,11,2
148,140331577434224,133.61940374753638,0,9,9,11,2
148,140331577760304,0.001,0,9,9,11,2
149,140331577772304,140.56246344050805,0,9,9,11,2
149,140331577772304,140.56246344050805,0,9,9,11,2
149,140331577350368,0.001,0,9,9,11,2
149,140331577425584,137.511645137613,0,10,10,11,2
149,140331576675008,0.001,0,9,9,11,2
149,140331577770048,0.001,0,9,9,11,2
149,140331577727968,140.56246344050805,0,9,9,11,2
149,140331577772832,0.001,27,11,10,12,2
149,140331577773312,50.10898714664725,0,9,9,11,2
149,140331577489104,0.001,0,9,9,11,2
149,140331577491312,0.001,0,9,9,11,2
149,140331577662528,0.001,0,9,9,11,2
